-0.67000 -0.67000 nan nan
-0.57429 -0.67000 nan nan
-0.47857 -0.67000 nan nan
-0.38286 -0.67000 nan nan
-0.28714 -0.67000 nan nan
-0.19143 -0.67000 nan nan
-0.09571 -0.67000 nan nan
0.00000 -0.67000 nan nan
0.09571 -0.67000 nan nan
0.19143 -0.67000 nan nan
0.28714 -0.67000 nan nan
0.38286 -0.67000 nan nan
0.47857 -0.67000 nan nan
0.57429 -0.67000 nan nan
0.67000 -0.67000 nan nan
-0.67000 -0.57429 nan nan
-0.57429 -0.57429 nan nan
-0.47857 -0.57429 nan nan
-0.38286 -0.57429 nan nan
-0.28714 -0.57429 nan nan
-0.19143 -0.57429 nan nan
-0.09571 -0.57429 nan nan
0.00000 -0.57429 nan nan
0.09571 -0.57429 nan nan
0.19143 -0.57429 nan nan
0.28714 -0.57429 nan nan
0.38286 -0.57429 nan nan
0.47857 -0.57429 nan nan
0.57429 -0.57429 nan nan
0.67000 -0.57429 nan nan
-0.67000 -0.47857 nan nan
-0.57429 -0.47857 nan nan
-0.47857 -0.47857 nan nan
-0.38286 -0.47857 nan nan
-0.28714 -0.47857 nan nan
-0.19143 -0.47857 nan nan
-0.09571 -0.47857 -0.02679 -0.00448
0.00000 -0.47857 0.00174 -0.02980
0.09571 -0.47857 0.02662 -0.00447
0.19143 -0.47857 nan nan
0.28714 -0.47857 nan nan
0.38286 -0.47857 nan nan
0.47857 -0.47857 nan nan
0.57429 -0.47857 nan nan
0.67000 -0.47857 nan nan
-0.67000 -0.38286 nan nan
-0.57429 -0.38286 nan nan
-0.47857 -0.38286 nan nan
-0.38286 -0.38286 nan nan
-0.28714 -0.38286 nan nan
-0.19143 -0.38286 -0.06683 0.00701
-0.09571 -0.38286 -0.04038 -0.08585
0.00000 -0.38286 0.00110 -0.12238
0.09571 -0.38286 0.03953 -0.08599
0.19143 -0.38286 0.06812 0.00891
0.28714 -0.38286 nan nan
0.38286 -0.38286 nan nan
0.47857 -0.38286 nan nan
0.57429 -0.38286 nan nan
0.67000 -0.38286 nan nan
-0.67000 -0.28714 nan nan
-0.57429 -0.28714 nan nan
-0.47857 -0.28714 nan nan
-0.38286 -0.28714 nan nan
-0.28714 -0.28714 -0.10361 0.08206
-0.19143 -0.28714 -0.11008 -0.02917
-0.09571 -0.28714 -0.06765 -0.14982
0.00000 -0.28714 -0.00247 -0.19771
0.09571 -0.28714 0.06757 -0.15090
0.19143 -0.28714 0.11054 -0.03496
0.28714 -0.28714 0.10063 0.08071
0.38286 -0.28714 nan nan
0.47857 -0.28714 nan nan
0.57429 -0.28714 nan nan
0.67000 -0.28714 nan nan
-0.67000 -0.19143 nan nan
-0.57429 -0.19143 nan nan
-0.47857 -0.19143 nan nan
-0.38286 -0.19143 -0.10072 0.14449
-0.28714 -0.19143 -0.16899 0.09654
-0.19143 -0.19143 -0.16868 -0.02666
-0.09571 -0.19143 -0.11209 -0.16938
0.00000 -0.19143 0.00194 -0.24339
0.09571 -0.19143 0.11080 -0.17067
0.19143 -0.19143 0.16709 -0.02465
0.28714 -0.19143 0.16246 0.09290
0.38286 -0.19143 0.10103 0.14426
0.47857 -0.19143 nan nan
0.57429 -0.19143 nan nan
0.67000 -0.19143 nan nan
-0.67000 -0.09571 nan nan
-0.57429 -0.09571 nan nan
-0.47857 -0.09571 nan nan
-0.38286 -0.09571 -0.13842 0.14293
-0.28714 -0.09571 -0.20828 0.11738
-0.19143 -0.09571 -0.22088 0.03368
-0.09571 -0.09571 -0.16061 -0.10326
0.00000 -0.09571 -0.00133 -0.19378
0.09571 -0.09571 0.16139 -0.10063
0.19143 -0.09571 0.22116 0.03412
0.28714 -0.09571 0.19059 0.10711
0.38286 -0.09571 0.14751 0.14977
0.47857 -0.09571 nan nan
0.57429 -0.09571 nan nan
0.67000 -0.09571 nan nan
-0.67000 0.00000 nan nan
-0.57429 0.00000 nan nan
-0.47857 0.00000 -0.07819 0.11845
-0.38286 0.00000 -0.16936 0.13509
-0.28714 0.00000 -0.20545 0.12687
-0.19143 0.00000 -0.23179 0.11433
-0.09571 0.00000 -0.18171 0.05567
0.00000 0.00000 0.00138 0.00255
0.09571 0.00000 0.18157 0.05628
0.19143 0.00000 0.23517 0.11250
0.28714 0.00000 0.20200 0.12483
0.38286 0.00000 0.17155 0.13571
0.47857 0.00000 0.07825 0.11882
0.57429 0.00000 nan nan
0.67000 0.00000 nan nan
-0.67000 0.09571 nan nan
-0.57429 0.09571 nan nan
-0.47857 0.09571 -0.07683 0.07227
-0.38286 0.09571 -0.15679 0.09867
-0.28714 0.09571 -0.19652 0.12474
-0.19143 0.09571 -0.19935 0.15848
-0.09571 0.09571 -0.14582 0.18850
0.00000 0.09571 -0.00009 0.19269
0.09571 0.09571 0.14743 0.19018
0.19143 0.09571 0.20579 0.16188
0.28714 0.09571 0.19550 0.12658
0.38286 0.09571 0.15722 0.09772
0.47857 0.09571 0.07673 0.07204
0.57429 0.09571 nan nan
0.67000 0.09571 nan nan
-0.67000 0.19143 nan nan
-0.57429 0.19143 -0.01216 -0.00742
-0.47857 0.19143 -0.06577 0.01788
-0.38286 0.19143 -0.11544 0.05316
-0.28714 0.19143 -0.15279 0.10039
-0.19143 0.19143 -0.14659 0.15728
-0.09571 0.19143 -0.09265 0.21048
0.00000 0.19143 -0.00242 0.23088
0.09571 0.19143 0.09345 0.21093
0.19143 0.19143 0.14611 0.15790
0.28714 0.19143 0.15306 0.10019
0.38286 0.19143 0.12277 0.05409
0.47857 0.19143 0.06563 0.01798
0.57429 0.19143 0.01220 -0.00733
0.67000 0.19143 nan nan
-0.67000 0.28714 nan nan
-0.57429 0.28714 nan nan
-0.47857 0.28714 -0.04727 -0.04296
-0.38286 0.28714 -0.08280 0.00193
-0.28714 0.28714 -0.10087 0.05666
-0.19143 0.28714 -0.09349 0.11639
-0.09571 0.28714 -0.05430 0.16672
0.00000 0.28714 0.00190 0.18607
0.09571 0.28714 0.05593 0.16657
0.19143 0.28714 0.09283 0.11684
0.28714 0.28714 0.10156 0.05729
0.38286 0.28714 0.08795 0.00197
0.47857 0.28714 0.04716 -0.04285
0.57429 0.28714 nan nan
0.67000 0.28714 nan nan
-0.67000 0.38286 nan nan
-0.57429 0.38286 nan nan
-0.47857 0.38286 nan nan
-0.38286 0.38286 nan nan
-0.28714 0.38286 -0.06012 -0.00220
-0.19143 0.38286 -0.04926 0.05432
-0.09571 0.38286 -0.03001 0.09408
0.00000 0.38286 -0.00085 0.10889
0.09571 0.38286 0.02694 0.09458
0.19143 0.38286 0.05231 0.05301
0.28714 0.38286 0.06004 -0.00212
0.38286 0.38286 nan nan
0.47857 0.38286 nan nan
0.57429 0.38286 nan nan
0.67000 0.38286 nan nan
-0.67000 0.47857 nan nan
-0.57429 0.47857 nan nan
-0.47857 0.47857 nan nan
-0.38286 0.47857 nan nan
-0.28714 0.47857 nan nan
-0.19143 0.47857 nan nan
-0.09571 0.47857 -0.01523 0.00877
0.00000 0.47857 -0.00001 0.02037
0.09571 0.47857 0.01528 0.00883
0.19143 0.47857 nan nan
0.28714 0.47857 nan nan
0.38286 0.47857 nan nan
0.47857 0.47857 nan nan
0.57429 0.47857 nan nan
0.67000 0.47857 nan nan
-0.67000 0.57429 nan nan
-0.57429 0.57429 nan nan
-0.47857 0.57429 nan nan
-0.38286 0.57429 nan nan
-0.28714 0.57429 nan nan
-0.19143 0.57429 nan nan
-0.09571 0.57429 nan nan
0.00000 0.57429 nan nan
0.09571 0.57429 nan nan
0.19143 0.57429 nan nan
0.28714 0.57429 nan nan
0.38286 0.57429 nan nan
0.47857 0.57429 nan nan
0.57429 0.57429 nan nan
0.67000 0.57429 nan nan
-0.67000 0.67000 nan nan
-0.57429 0.67000 nan nan
-0.47857 0.67000 nan nan
-0.38286 0.67000 nan nan
-0.28714 0.67000 nan nan
-0.19143 0.67000 nan nan
-0.09571 0.67000 nan nan
0.00000 0.67000 nan nan
0.09571 0.67000 nan nan
0.19143 0.67000 nan nan
0.28714 0.67000 nan nan
0.38286 0.67000 nan nan
0.47857 0.67000 nan nan
0.57429 0.67000 nan nan
0.67000 0.67000 nan nan
