9.999999999999998040e-04 -9.999999999999995004e-03 5.694450751079116642e-05 -6.345797993307800838e-04
1.056944507510790970e-03 -1.063457979933077509e-02 6.737925426558949264e-05 -7.461760186224259545e-04
1.124323761776380463e-03 -1.138075581795320104e-02 7.035386336849409721e-05 -7.781245181289406232e-04
1.194677625144874560e-03 -1.215888033608214167e-02 7.035386336847349736e-05 -7.781245181289614399e-04
1.265031488513348058e-03 -1.293700485421110311e-02 7.781423250499122299e-05 -8.590858354127987179e-04
1.342845721018339281e-03 -1.379609068962390182e-02 8.453149745875571455e-05 -9.319828475113211413e-04
1.427377218477094995e-03 -1.472807353713522296e-02 8.966799822590285074e-05 -9.877251118315909240e-04
1.517045216702997846e-03 -1.571579864896681389e-02 9.710732939206172601e-05 -1.069889109209017780e-03
1.614152546095059572e-03 -1.678568775817583167e-02 1.034819874028282231e-04 -1.139837482753532777e-03
1.717634533497887795e-03 -1.792552524092936445e-02 1.093788943378926244e-04 -1.204304336080486149e-03
1.827013427835780419e-03 -1.912982957700985059e-02 1.152758012729054177e-04 -1.268771189407519318e-03
1.942289229108685837e-03 -2.039860076641736991e-02 1.211727082079468339e-04 -1.333238042734476159e-03
2.063461937316632671e-03 -2.173183880915184607e-02 1.270696151429886837e-04 -1.397704896061478103e-03
2.190531552459621355e-03 -2.312954370521332417e-02 1.340305986519598619e-04 -1.474054714664378707e-03
2.324562151111581217e-03 -2.460359841987770288e-02 1.504022969928899174e-04 -1.655497719520317157e-03
2.474964448104471134e-03 -2.625909613939802004e-02 1.592152344138193960e-04 -1.752529042225337008e-03
2.634179682518290530e-03 -2.801162518162335704e-02 1.680281718347302264e-04 -1.849560364930370737e-03
2.802207854353020756e-03 -2.986118554655372778e-02 1.768411092556484293e-04 -1.946591687635352425e-03
2.979048963608669186e-03 -3.180777723418908021e-02 1.856540466765735711e-04 -2.043623010340375745e-03
3.164703010285242757e-03 -3.385140024452945595e-02 1.944669840974917741e-04 -2.140654333045402535e-03
3.359169994382734531e-03 -3.599205457757485849e-02 2.078247418618893103e-04 -2.287973304591336965e-03
3.566994736244623841e-03 -3.828002788216619545e-02 2.267494911561886844e-04 -2.496890071868630712e-03
3.793744227400812526e-03 -4.077691795403482616e-02 2.410902715332336257e-04 -2.655086018126223690e-03
4.034834498934046151e-03 -4.343200397216104985e-02 2.561128941588625835e-04 -2.820826430605168078e-03
4.290947393092908735e-03 -4.625283040276621793e-02 2.718173590330859660e-04 -2.994111309305332036e-03
4.562764752125994701e-03 -4.924694171207154997e-02 2.882036661559774990e-04 -3.174940654226743320e-03
4.850968418281972200e-03 -5.242188236629829329e-02 3.052718155274643241e-04 -3.363314465369464379e-03
5.156240233809436524e-03 -5.578519683166775767e-02 3.283987685788426411e-04 -3.611816206403738183e-03
5.484639002388279165e-03 -5.939701303807149585e-02 3.509272376579853150e-04 -3.855341589736820118e-03
5.835566240046264480e-03 -6.325235462780831597e-02 3.724220246927312239e-04 -4.089634638770892061e-03
6.207988264738995704e-03 -6.734198926657920803e-02 3.948002858234142542e-04 -4.333443992778185372e-03
6.602788550562409958e-03 -7.167543325935739340e-02 4.180620210499710887e-04 -4.586769651758290656e-03
7.020850571612381047e-03 -7.626220291111568406e-02 4.422072303724607079e-04 -4.849611615711527102e-03
7.463057801984841755e-03 -8.111181452682721116e-02 4.672359137908414783e-04 -5.121969884637769810e-03
7.930293715775683233e-03 -8.623378441146498097e-02 4.931480713051758502e-04 -5.403844458536977147e-03
8.423441787080859083e-03 -9.163762887000195811e-02 5.199437029153076983e-04 -5.695235337409246257e-03
8.943385489996166782e-03 -9.733286420741120437e-02 5.476228086214469243e-04 -5.996142521254618774e-03
9.491008298617613706e-03 -1.033290067286658231e-01 5.839893813677447115e-04 -6.358757080770466308e-03
1.007499767998535842e-02 -1.096877638094362895e-01 6.215129648392790640e-04 -6.732717286939304824e-03
1.069651064482463748e-02 -1.164204810963755943e-01 6.558983955588220532e-04 -7.089298205960492538e-03
1.135240904038345953e-02 -1.235097793023360868e-01 6.915137248604298625e-04 -7.457712226623086638e-03
1.204392276524388940e-02 -1.309674915289591735e-01 7.283589527441493294e-04 -7.837959348926087921e-03
1.277228171798803873e-02 -1.388054508778852614e-01 7.664340792099041261e-04 -8.230039572870218034e-03
1.353871579719794285e-02 -1.470354904507554794e-01 8.057391042578208873e-04 -8.633952898455282687e-03
1.434445490145576374e-02 -1.556694433492107621e-01 8.462740278877972644e-04 -9.049699325681059836e-03
1.519072892934356100e-02 -1.647191426748918219e-01 8.880388500998176449e-04 -9.477278854548049081e-03
1.607876777944337865e-02 -1.741964215294398710e-01 9.310335708939444788e-04 -9.916691485055667554e-03
1.700980135033732313e-02 -1.841131130144955386e-01 9.707474099015026003e-04 -1.027630645313612479e-02
1.798054876023882573e-02 -1.943894194676316634e-01 1.008815765848377483e-03 -1.058934480316794935e-02
1.898936452608720321e-02 -2.049787642707996127e-01 1.051106510341244527e-03 -1.097500488107600036e-02
2.004047103642844774e-02 -2.159537691518756131e-01 1.094091024280190866e-03 -1.136160727935073278e-02
2.113456206070863860e-02 -2.273153764312263458e-01 1.137769307665237317e-03 -1.174915199799264620e-02
2.227233136837387592e-02 -2.390645284292189920e-01 1.182141360496432453e-03 -1.213763903700115776e-02
2.345447272887030837e-02 -2.512021674662201498e-01 1.227207182773630556e-03 -1.252706839637668379e-02
2.468167991164393893e-02 -2.637292358625968336e-01 1.254025370196226730e-03 -1.266301763173333095e-02
2.593570528184016566e-02 -2.763922534943301645e-01 1.282592577857601113e-03 -1.281408339977052613e-02
2.721829785969776677e-02 -2.892063368941006907e-01 1.312042933943709938e-03 -1.296863524163399672e-02
2.853034079364147671e-02 -3.021749721357346874e-01 1.339293246839089180e-03 -1.308525948308220110e-02
2.986963404048056589e-02 -3.152602316188168885e-01 1.353493879425338858e-03 -1.304213687303024116e-02
3.122312791990590475e-02 -3.283023684918471297e-01 1.355294198661635696e-03 -1.284655847529875272e-02
3.257842211856754044e-02 -3.411489269671458824e-01 1.359212041794274906e-03 -1.266152993158597972e-02
3.393763416036181535e-02 -3.538104568987318621e-01 1.358052602026080247e-03 -1.240626826582602593e-02
3.529568676238789560e-02 -3.662167251645578880e-01 1.350051281962534599e-03 -1.206764110552671632e-02
3.664573804435043020e-02 -3.782843662700846044e-01 1.328728890236531568e-03 -1.159742943215807953e-02
3.797446693458696176e-02 -3.898817957022426839e-01 1.305529316534062567e-03 -1.108080022066360026e-02
3.927999625112102433e-02 -4.009625959229062842e-01 1.276018056185081184e-03 -1.048475128748249663e-02
4.055601430730610552e-02 -4.114473472103887808e-01 1.240195109190503353e-03 -9.809282632615268227e-03
4.179620941649660887e-02 -4.212566298430040490e-01 1.211141669428726642e-03 -9.258631123903404703e-03
4.300735108592533551e-02 -4.305152609669074537e-01 1.172578285074325766e-03 -8.578625446266918697e-03
4.417992937099966128e-02 -4.390938864131743724e-01 1.128557433209706473e-03 -7.832536982574855866e-03
4.530848680420936775e-02 -4.469264233957492283e-01 1.079952382212992501e-03 -7.034000084549463239e-03
4.638843918642236025e-02 -4.539604234802986915e-01 1.039539827779094316e-03 -6.352844960030634702e-03
4.742797901420145457e-02 -4.603132684403293262e-01 1.004058520972489488e-03 -5.745722483556758853e-03
4.843203753517394405e-02 -4.660589909238860851e-01 9.632186491890792901e-04 -5.075858558390489161e-03
4.939525618436302334e-02 -4.711348494822765742e-01 9.254746421261186851e-04 -4.453839825442174050e-03
5.032073082648914203e-02 -4.755886893077187483e-01 8.988782628362237959e-04 -3.982349581990007881e-03
5.121960908932536582e-02 -4.795710388897087562e-01 8.698247729053698585e-04 -3.487888013177342650e-03
5.208943386223073568e-02 -4.830589269028860988e-01 8.432459666731784154e-04 -3.033349779589855633e-03
5.293267982890391410e-02 -4.860922766824759544e-01 8.223743427155372210e-04 -2.655437504318403086e-03
5.375505417161945132e-02 -4.887477141867943575e-01 8.034221296547294777e-04 -2.311143853570063467e-03
5.455847630127418080e-02 -4.910588580403644210e-01 7.874943395812933344e-04 -2.013015419807528961e-03
5.534597064085547413e-02 -4.930718734601719500e-01 7.730964622736577474e-04 -1.735505413478222181e-03
5.611906710312913188e-02 -4.948073788736501721e-01 7.608390481401855476e-04 -1.488915651752964475e-03
5.687990615126931743e-02 -4.962962945254031366e-01 7.517083965945733914e-04 -1.289887964863900560e-03
5.763161454786389082e-02 -4.975861824902670372e-01 7.440573117091370259e-04 -1.110349209234307022e-03
5.837567185957302784e-02 -4.986965316995013442e-01 7.360786614583683662e-04 -9.193521419673111872e-04
5.911175052103139621e-02 -4.996158838414686554e-01 7.315706128438251299e-04 -7.819405977747551084e-04
5.984332113387522134e-02 -5.003978244392434105e-01 7.290405844318434414e-04 -6.725540312642053209e-04
6.057236171830706478e-02 -5.010703784705076158e-01 7.267360258956592767e-04 -5.610120179412314556e-04
6.129909774420272406e-02 -5.016313904884488473e-01 7.245822397619131050e-04 -4.460282030651629981e-04
6.202367998396463716e-02 -5.020774186915140103e-01 7.249259137026634048e-04 -3.680145673728985045e-04
6.274860589766730057e-02 -5.024454332588869088e-01 7.266734812891167961e-04 -3.081389560845027020e-04
6.347527937895641736e-02 -5.027535722149714115e-01 7.278011640383247327e-04 -2.342500918798284815e-04
6.420308054299474210e-02 -5.029878223068512400e-01 7.297287559580728500e-04 -1.689038973898826512e-04
6.493280929895281495e-02 -5.031567262042411226e-01 7.331755479718093937e-04 -1.235275728475038193e-04
6.566598484692462434e-02 -5.032802537770886264e-01 7.375710366564758314e-04 -8.905766890643374012e-05
6.640355588358110017e-02 -5.033693114459950602e-01 7.413776117533715793e-04 -4.357114411934759346e-05
6.714493349533447175e-02 -5.034128825901144078e-01 7.459848791838696869e-04 -6.880813891552151063e-06
6.789091837451834144e-02 -5.034197634040059599e-01 7.510616139775327937e-04 2.573588311827190722e-05
6.864197998849587423e-02 -5.033940275208876880e-01 7.564574908025256672e-04 5.635303263529234385e-05
6.939843747929839990e-02 -5.033376744882523957e-01 7.627532500856515352e-04 7.566683531534668106e-05
7.016119072938405143e-02 -5.032620076529370490e-01 7.690573859548965885e-04 9.763479572999500533e-05
7.093024811533894802e-02 -5.031643728572070540e-01 7.756075292302544444e-04 1.183742026052980734e-04
7.170585564456920247e-02 -5.030459986546017559e-01 7.823490036486940857e-04 1.386207593312427377e-04
7.248820464821789655e-02 -5.029073778952705132e-01 7.897110159413994745e-04 1.517561352062379854e-04
7.327791566415929603e-02 -5.027556217600642752e-01 7.971107352161277415e-04 1.665429062110979075e-04
7.407502639937542377e-02 -5.025890788538531773e-01 8.046728380439321926e-04 1.809909786562036160e-04
7.487969923741935596e-02 -5.024080878751969736e-01 8.123746892000072162e-04 1.953490975183935774e-04
7.569207392661936318e-02 -5.022127387776785801e-01 8.204770845709058458e-04 2.058985773528698715e-04
7.651255101119026902e-02 -5.020068402003257102e-01 8.286925535161832057e-04 2.166235503957558706e-04
7.734124356470645223e-02 -5.017902166499299543e-01 8.370111104013117087e-04 2.276096500579694037e-04
7.817825467510776394e-02 -5.015626069998719849e-01 8.454495128436406715e-04 2.385667830254734056e-04
7.902370418795140461e-02 -5.013240402168465115e-01 8.542010424417989523e-04 2.476119562214718073e-04
7.987790523039320356e-02 -5.010764282606250397e-01 8.631311686334158795e-04 2.561111766146151325e-04
8.074103639902661944e-02 -5.008203170840104246e-01 8.721557047030592535e-04 2.649314850424744350e-04
8.161319210372967869e-02 -5.005553855989679501e-01 8.813226362226617150e-04 2.736299411632003853e-04
8.249451473995234041e-02 -5.002817556578047498e-01 8.906443059788354821e-04 2.820546923201217027e-04
8.338515904593117589e-02 -4.999997009654846281e-01 9.001361131326518494e-04 2.899864104154992184e-04
8.428529515906382774e-02 -4.997097145550691288e-01 9.097780741478128652e-04 2.976845288903406939e-04
8.519507323321164061e-02 -4.994120300261787881e-01 9.195761616348080425e-04 3.050756880648153313e-04
8.611464939484644865e-02 -4.991069543381139728e-01 9.294271550376459468e-04 3.139388262827780274e-04
8.704407654988409460e-02 -4.987930155118311948e-01 9.393611943780272311e-04 3.237545001016917112e-04
8.798343774426212183e-02 -4.984692610117295031e-01 9.495435571821031484e-04 3.316742601579547589e-04
8.893298130144422498e-02 -4.981375867515715483e-01 9.598736898360493708e-04 3.394310817816936776e-04
8.989285499128027435e-02 -4.977981556697898546e-01 9.703515923409899990e-04 3.470249649725754004e-04
9.086320658362126435e-02 -4.974511307048172792e-01 9.809772646962311438e-04 3.544559097316546392e-04
9.184418384831749549e-02 -4.970966747950856246e-01 9.917507069018421939e-04 3.617239160587093494e-04
9.283593455521933768e-02 -4.967349508790269152e-01 1.002671918957642738e-03 3.688289839539060644e-04
9.383860647417698042e-02 -4.963661218950730092e-01 1.013740900864520955e-03 3.757711134161345612e-04
9.485234737504150138e-02 -4.959903507816568746e-01 1.024656151773245538e-03 3.876501984755864605e-04
9.587700352681474691e-02 -4.956027005831812882e-01 1.035863375449114221e-03 3.969271493353687674e-04
9.691286690226386114e-02 -4.952057734338459194e-01 1.047247107792539933e-03 4.055550439854838096e-04
9.796011401005640107e-02 -4.948002183898604356e-01 1.058766322754270406e-03 4.142278390316112002e-04
9.901888033281067147e-02 -4.943859905508288244e-01 1.070421020333944817e-03 4.229455344720300936e-04
1.000893013531446163e-01 -4.939630450163567943e-01 1.082211200532007256e-03 4.317081303081837795e-04
1.011715125536766235e-01 -4.935313368860486105e-01 1.094136863347805466e-03 4.405156265392951020e-04
1.022656494170244290e-01 -4.930908212595093154e-01 1.106198008782199871e-03 4.493680231658081503e-04
1.033718474258066289e-01 -4.926414532363435073e-01 1.118398305737525189e-03 4.592103426276361589e-04
1.044902457315441541e-01 -4.921822428937158711e-01 1.130744015433157723e-03 4.716553265920464533e-04
1.056209897469773118e-01 -4.917105875671238246e-01 1.143217009873381818e-03 4.820336330382257728e-04
1.067642067568506936e-01 -4.912285539340855989e-01 1.155826034645063283e-03 4.925979178321826524e-04
1.079200327914957569e-01 -4.907359560162534162e-01 1.168571089748049463e-03 5.033481809746942481e-04
1.090886038812438064e-01 -4.902326078352787220e-01 1.181452175182451381e-03 5.142844224642062478e-04
1.102700560564262577e-01 -4.897183234128145157e-01 1.194469290948324547e-03 5.254066423031611421e-04
1.114645253473745823e-01 -4.891929167705113546e-01 1.207622437045932640e-03 5.367148404890609292e-04
1.126721477844205149e-01 -4.886562019300222937e-01 1.220911613474193191e-03 5.482090170244591221e-04
1.138930593978947081e-01 -4.881079929129978345e-01 1.234589032851729495e-03 5.610786079736640453e-04
1.151276484307464376e-01 -4.875469143050241705e-01 1.248389287791501490e-03 5.740719506704405894e-04
1.163760377185379391e-01 -4.869728423543537299e-01 1.262229179913032517e-03 5.867966810988445303e-04
1.176382668984509716e-01 -4.863860456732548854e-01 1.276219003773268468e-03 5.997729489880532228e-04
1.189144859022242401e-01 -4.857862727242668321e-01 1.290358759371959541e-03 6.130007543377891110e-04
1.202048446615961996e-01 -4.851732719699290430e-01 1.304648446709924525e-03 6.264800971476081060e-04
1.215094931083061242e-01 -4.845467918727814349e-01 1.319088065786469532e-03 6.402109774186759417e-04
1.228285811740925937e-01 -4.839065808953627590e-01 1.333677616601997018e-03 6.541933951499379063e-04
1.241622587906945907e-01 -4.832523875002128211e-01 1.348518325280295693e-03 6.686352921007054917e-04
1.255107771159748864e-01 -4.825837522081121156e-01 1.365259596809081932e-03 6.869249257493437177e-04
1.268760367127839683e-01 -4.818968272823627719e-01 1.380625134542012855e-03 7.023320286954626290e-04
1.282566618473259812e-01 -4.811944952536673092e-01 1.396158323041046811e-03 7.180270680618994206e-04
1.296528201703670280e-01 -4.804764681856054098e-01 1.411859162305600934e-03 7.340100438484875589e-04
1.310646793326726289e-01 -4.797424581417569223e-01 1.427727652336008290e-03 7.502809560556711332e-04
1.324924069850086372e-01 -4.789921771857012511e-01 1.443763793132379902e-03 7.668398046833391213e-04
1.339361707781410171e-01 -4.782253373810179120e-01 1.459967584694604747e-03 7.836865897309919227e-04
1.353961383628356219e-01 -4.774416507912869201e-01 1.476339027022322004e-03 8.008213111999618050e-04
1.368724773898579439e-01 -4.766408294800869583e-01 1.492878120116364338e-03 8.182439690881948557e-04
1.383653555099743082e-01 -4.758225855109987634e-01 1.509584863975788060e-03 8.359545633976894763e-04
1.398749403739500963e-01 -4.749866309476010739e-01 1.526459258601287061e-03 8.539530941272244213e-04
1.414013996325513833e-01 -4.741326778534738495e-01 1.543501303992195206e-03 8.722395612780209362e-04
1.429449009365435785e-01 -4.732604382921958286e-01 1.560711000149511696e-03 8.908139648478030637e-04
1.445056119366930902e-01 -4.723696243273480255e-01 1.578088347072403863e-03 9.096763048386802275e-04
1.460837002837654941e-01 -4.714599480225093453e-01 1.595633344760899464e-03 9.288265812502638497e-04
1.476793336285263936e-01 -4.705311214412590815e-01 1.613345993215525853e-03 9.482647940819433074e-04
1.492926796217419194e-01 -4.695828566471771381e-01 1.631226292435672409e-03 9.679909433341071789e-04
1.509239059141775918e-01 -4.686148657038430310e-01 1.652005966731956432e-03 9.969913785788930838e-04
1.525759118809095483e-01 -4.676178743252641379e-01 1.671932427658007203e-03 1.022921489690908903e-03
1.542478443085675555e-01 -4.665949528355732290e-01 1.691009441292440352e-03 1.045793665659655591e-03
1.559388537498599958e-01 -4.655491591699135734e-01 1.710290510961470778e-03 1.069073537742992741e-03
1.576491442608214666e-01 -4.644800856321705806e-01 1.729775636665070726e-03 1.092761105941586486e-03
1.593789198974865373e-01 -4.633873245262289942e-01 1.749464818402796107e-03 1.116856370255381314e-03
1.611283847158893334e-01 -4.622704681559736128e-01 1.769358056174868965e-03 1.141359330684987849e-03
1.628977427720642024e-01 -4.611291088252886250e-01 1.789455349981289300e-03 1.166269987228629734e-03
1.646871981220454917e-01 -4.599628388380599953e-01 1.809756699822445691e-03 1.191588339888527415e-03
1.664969548218679374e-01 -4.587712504981714678e-01 1.830262105697672004e-03 1.217314388663126579e-03
1.683272169275656094e-01 -4.575539361095083413e-01 1.850971567607301305e-03 1.243448133552649271e-03
1.701781884951729107e-01 -4.563104879759556920e-01 1.871885085551694416e-03 1.269989574557983669e-03
1.720500735807246051e-01 -4.550404984013977083e-01 1.893002659529907650e-03 1.296938711678463640e-03
1.739430762402545128e-01 -4.537435596897192447e-01 1.914324289542718160e-03 1.324295544913867140e-03
1.758574005297972309e-01 -4.524192641448053775e-01 1.935849975590014926e-03 1.352060074264083145e-03
1.777932505053872458e-01 -4.510672040705412944e-01 1.957579717671548147e-03 1.380232299730443923e-03
1.797508302230587940e-01 -4.496869717708108505e-01 1.979513515787706401e-03 1.408812221311062096e-03
1.817303437388465004e-01 -4.482781595494997884e-01 2.003607750076935590e-03 1.445506694006726267e-03
1.837339514889234360e-01 -4.468326528554930621e-01 2.030207548166351739e-03 1.491675294374272820e-03
1.857641590370897877e-01 -4.453409775611187893e-01 2.053759399386234641e-03 1.525440831669833130e-03
1.878179184364760224e-01 -4.438155367294489562e-01 2.077569085316588460e-03 1.559825917803570050e-03
1.898954875217926108e-01 -4.422557108116453861e-01 2.101636605957163395e-03 1.594830552774872956e-03
1.919971241277497742e-01 -4.406608802588705132e-01 2.125961961308181492e-03 1.630454736584241449e-03
1.941230860890579557e-01 -4.390304255222862717e-01 2.150545151370142349e-03 1.666698469231231439e-03
1.962736312404280981e-01 -4.373637270530550403e-01 2.175386176142490857e-03 1.703561750715787415e-03
1.984490174165705889e-01 -4.356601653023392529e-01 2.200485035625004970e-03 1.741044581038075911e-03
2.006495024521955939e-01 -4.339191207213011769e-01 2.225841729818212045e-03 1.779146960198985106e-03
2.028753441820138059e-01 -4.321399737611021918e-01 2.251456258721862280e-03 1.817868888196516597e-03
2.051268004407356682e-01 -4.303221048729056752e-01 2.277328622336149966e-03 1.857210365032058164e-03
2.074041290630718182e-01 -4.284648945078736171e-01 2.303458820660631012e-03 1.897171390706109406e-03
2.097075878837324492e-01 -4.265677231171675077e-01 2.329846853695888287e-03 1.937751965217116012e-03
2.120374347374283375e-01 -4.246299711519503917e-01 2.356492721441477700e-03 1.978952088566521272e-03
2.143939274588698152e-01 -4.226510190633838704e-01 2.383396423897982119e-03 2.020771760752548829e-03
2.167773238827677973e-01 -4.206302473026313216e-01 2.410557961064513366e-03 2.063210981777696684e-03
2.191878818438323107e-01 -4.185670363208536249e-01 2.437977332941404507e-03 2.106269751639966437e-03
2.216258591767737152e-01 -4.164607665692136584e-01 2.470507566859736492e-03 2.175456780976081639e-03
2.240963667436334517e-01 -4.142853097882375768e-01 2.499460754549126529e-03 2.225106277489008466e-03
2.265958274981825782e-01 -4.120602035107485683e-01 2.528760579684763421e-03 2.275842091957080982e-03
2.291245880778673416e-01 -4.097843614187914874e-01 2.558413894336669658e-03 2.327700240558505662e-03
2.316830019722040113e-01 -4.074566611782329817e-01 2.588424051530285874e-03 2.380698347613841026e-03
2.342714260237342971e-01 -4.050759628306191407e-01 2.618794404288388167e-03 2.434854037448475061e-03
2.368902204280226853e-01 -4.026411087931706656e-01 2.649528305635556746e-03 2.490184934384132021e-03
2.395397487336582421e-01 -4.001509238587865336e-01 2.680629108596316312e-03 2.546708662744867624e-03
2.422203778422545584e-01 -3.976042151960416660e-01 2.712100166194164608e-03 2.604442846853127769e-03
2.449324780084487230e-01 -3.949997723491885382e-01 2.743944831453709599e-03 2.663405111032579597e-03
2.476764228399024326e-01 -3.923363672381559586e-01 2.776166457398698828e-03 2.723613079605113896e-03
2.504525892973011314e-01 -3.896127541585508447e-01 2.808768397053573729e-03 2.785084376896451719e-03
2.532613576943547051e-01 -3.868276697816543930e-01 2.841754003441721022e-03 2.847836627226929540e-03
2.561031116977964261e-01 -3.839798331544274634e-01 2.875126629588498073e-03 2.911887454921102680e-03
2.589782383273849242e-01 -3.810679456995063608e-01 2.908889628517041803e-03 2.977254484302194193e-03
2.618871279559019660e-01 -3.780906912152041666e-01 2.943046353251654867e-03 3.043955339692372419e-03
2.648301743091536209e-01 -3.750467358755117941e-01 2.977600156816584409e-03 3.112007645416359214e-03
2.678077744659702053e-01 -3.719347282300954349e-01 3.011001981485350587e-03 3.183022313515748714e-03
2.708187764474555559e-01 -3.687517059165796862e-01 3.044897784317102118e-03 3.255331112405446259e-03
2.738636742317726580e-01 -3.654963748041742400e-01 3.079829317553017809e-03 3.328399090446521047e-03
2.769435035493256758e-01 -3.621679757137277189e-01 3.115067213869449070e-03 3.402995885780635277e-03
2.800585707631951249e-01 -3.587649798279470836e-01 3.150609601334342091e-03 3.479144485264429321e-03
2.832091803645294670e-01 -3.552858353426826543e-01 3.186454608016531242e-03 3.556867875757707687e-03
2.863956349725459982e-01 -3.517289674669249466e-01 3.222600361984906403e-03 3.636189044117110747e-03
2.896182353345309046e-01 -3.480927784228078359e-01 3.259044991308301942e-03 3.717130977202998121e-03
2.928772803258392066e-01 -3.443756474456048378e-01 3.295786624055219161e-03 3.799716661871732626e-03
2.961730669498944257e-01 -3.405759307837331051e-01 3.332823388294325895e-03 3.883969084982785702e-03
2.995058903381887516e-01 -3.366919616987503194e-01 3.370153412094734069e-03 3.969911233394129990e-03
3.028760437502834857e-01 -3.327220504653561894e-01 3.407774823525333563e-03 4.057566093963904663e-03
3.062838185738088193e-01 -3.286644843713922848e-01 3.443348022484749027e-03 4.145114461348409218e-03
3.097271665962935683e-01 -3.245193699100438756e-01 3.480117645097868806e-03 4.235137657418064361e-03
3.132072842413914371e-01 -3.202842322526258112e-01 3.517580794806962619e-03 4.327263848250717526e-03
3.167248650361983997e-01 -3.159569684043750937e-01 3.555201598597235169e-03 4.421095213595516160e-03
3.202800666347956349e-01 -3.115358731907795775e-01 3.592971895555574502e-03 4.516649784425452729e-03
3.238730385303512094e-01 -3.070192234063541248e-01 3.630883524768924175e-03 4.613945591713963790e-03
3.275039220551201335e-01 -3.024052778146401610e-01 3.668928325325560014e-03 4.713000666434319363e-03
3.311728503804456936e-01 -2.976922771482058416e-01 3.707098136312536596e-03 4.813833039558013116e-03
3.348799485167582302e-01 -2.928784441086478285e-01 3.745384796816630946e-03 4.916460742060591027e-03
3.386253333135748611e-01 -2.879619833665872375e-01 3.783780145926007865e-03 5.020901804913102673e-03
3.424091134595008690e-01 -2.829410815616741348e-01 3.822276022727277844e-03 5.127174259089650743e-03
3.462313894822281468e-01 -2.778139073025844841e-01 3.860864266308605686e-03 5.235296135562228503e-03
3.500922537485367525e-01 -2.725786111670222556e-01 3.897360874216493354e-03 5.340819854676492895e-03
3.539896146227532459e-01 -2.672377913123457627e-01 3.934104688444406417e-03 5.448580342809539179e-03
3.579237193111976523e-01 -2.617892109695362235e-01 3.970371501784142332e-03 5.557126046004612352e-03
3.618940908129817946e-01 -2.562320849235316111e-01 4.005973331391299297e-03 5.666105935852483455e-03
3.659000641443730939e-01 -2.505659789876791277e-01 4.040819638745030140e-03 5.775783550190316529e-03
3.699408837831181240e-01 -2.447901954374888112e-01 4.074820567326831178e-03 5.885841137262898259e-03
3.740157043504449552e-01 -2.389043543002259129e-01 4.107886298094109989e-03 5.995929005882361107e-03
3.781235906485390652e-01 -2.329084252943435518e-01 4.139926586132158803e-03 6.106060443950400707e-03
3.822635172346712240e-01 -2.268023648503931511e-01 4.170815427653795648e-03 6.215835040550787838e-03
3.864343326623250197e-01 -2.205865298098423632e-01 4.200419487511486416e-03 6.324796298718626808e-03
3.906347521498365061e-01 -2.142617335111237364e-01 4.228734992444249663e-03 6.433478890608301803e-03
3.948634871422807557e-01 -2.078282546205154346e-01 4.255631158022854521e-03 6.541445832627862389e-03
3.991191183003036103e-01 -2.012868087878875722e-01 4.280947501318910220e-03 6.648329282782056149e-03
4.034000658016225205e-01 -1.946384795051055161e-01 4.303885220510006437e-03 6.751728816320884397e-03
4.077039510221325269e-01 -1.878867506887846317e-01 4.325249183501245209e-03 6.854350533531616829e-03
4.120292002056337721e-01 -1.810324001552530149e-01 4.344585753744245604e-03 6.954893110742210727e-03
4.163737859593780177e-01 -1.740775070445108041e-01 4.361771950277593124e-03 7.053108122513362943e-03
4.207355579096556109e-01 -1.670243989219974412e-01 4.375015751105160167e-03 7.144187332156076709e-03
4.251105736607607710e-01 -1.598802115898413645e-01 4.386622876912771307e-03 7.234091945929416179e-03
4.294971965376735423e-01 -1.526461196439119483e-01 4.396256300675249751e-03 7.322014370849033726e-03
4.338934528383487921e-01 -1.453241052730629146e-01 4.403654214332475281e-03 7.407259818724115652e-03
4.382971070526812674e-01 -1.379168454543387989e-01 4.402876670423216954e-03 7.475589998007958759e-03
4.426999837231044843e-01 -1.304412554563308402e-01 4.397219124595452833e-03 7.534904247639903629e-03
4.470972028476999371e-01 -1.229063512086909365e-01 4.392202518254784138e-03 7.598436484904519395e-03
4.514894053659547213e-01 -1.153079147237864172e-01 4.384205751918390792e-03 7.657506789565740601e-03
4.558736111178731121e-01 -1.076504079342206766e-01 4.373228825587383017e-03 7.712115161625496262e-03
4.602468399434604951e-01 -9.993829277259518029e-02 4.359271739260539569e-03 7.762261601081898998e-03
4.646061116827210347e-01 -9.217603117151328129e-02 4.336344736324493354e-03 7.789849592774761300e-03
4.689424564190455280e-01 -8.438618157873851999e-02 4.304748696871141256e-03 7.795788168823411524e-03
4.732472051159166693e-01 -7.659039340991510847e-02 4.274733562714017054e-03 7.811044902600025597e-03
4.775219386786306863e-01 -6.877934850731508287e-02 4.240797087184722258e-03 7.818996165353225836e-03
4.817627357658154086e-01 -6.096035234196185704e-02 4.202939270281924600e-03 7.819641957082512640e-03
4.859656750360973332e-01 -5.314071038487934440e-02 4.161160112007233902e-03 7.812982277788545205e-03
4.901268351481045671e-01 -4.532772810709079919e-02 4.112889184850532232e-03 7.788446320115924304e-03
4.942397243329550993e-01 -3.753928178697487489e-02 4.055545681946104430e-03 7.735420591904226817e-03
4.982952700149012037e-01 -2.980386119507064807e-02 3.996793003588183790e-03 7.685420600961584414e-03
5.022920630184893875e-01 -2.211844059410906366e-02 3.933270376084041509e-03 7.624625264536707969e-03
5.062253333945734290e-01 -1.449381532957235569e-02 3.864977799431290606e-03 7.553034582629339008e-03
5.100903111940047197e-01 -6.940780746943016680e-03 3.791680566514687989e-03 7.463882306686835458e-03
5.138819917605194076e-01 5.231015597438185612e-04 3.713478464146713343e-03 7.360045138457498026e-03
5.175954702246661210e-01 7.883146698201316804e-03 3.630588912633125886e-03 7.247790974122696184e-03
5.212260591372992469e-01 1.513093767232401299e-02 3.542884241025889835e-03 7.123439254765703832e-03
5.247689433783251367e-01 2.225437692708971682e-02 3.450364449325671323e-03 6.986989980387138532e-03
5.282193078276508080e-01 2.924136690747685535e-02 3.359751143673816998e-03 6.845176215310978807e-03
5.315790589713246250e-01 3.608654312278783416e-02 3.263831774624414983e-03 6.690773115007681016e-03
5.348428907459490400e-01 4.277731623779551517e-02 3.162668217469355447e-03 6.523842660247136660e-03
5.380055589634183955e-01 4.930115889804265183e-02 3.057572039418587906e-03 6.345698654041033449e-03
5.410631310028369834e-01 5.564685755208368528e-02 2.948661190769530371e-03 6.156571784693656846e-03
5.440117921936065137e-01 6.180342933677734213e-02 2.852683408295586531e-03 5.989217434235687143e-03
5.468644756019021003e-01 6.779264677101302927e-02 2.745470849577880124e-03 5.796367907814542475e-03
5.496099464514799804e-01 7.358901467882757175e-02 2.635997300516335073e-03 5.595574220796983855e-03
5.522459437519963155e-01 7.918458889962455560e-02 2.524262761112727738e-03 5.386836373183462312e-03
5.547702065131090432e-01 8.457142527280801791e-02 2.413669931309092576e-03 5.176529555187867060e-03
5.571838764444181358e-01 8.974795482799588497e-02 2.315126998132299718e-03 4.985090998534530415e-03
5.594990034425504355e-01 9.473304582653041539e-02 2.208020873576188592e-03 4.773900678185810653e-03
5.617070243161266241e-01 9.950694650471622604e-02 2.100598573281153847e-03 4.558409939928134702e-03
5.638076228894077779e-01 1.040653564446443607e-01 1.992860097248083662e-03 4.338618783761849507e-03
5.658004829866558616e-01 1.084039752284062103e-01 1.894608955288812346e-03 4.138795894743529935e-03
5.676950919419446739e-01 1.125427711231497402e-01 1.801442392648122670e-03 3.948042210130411900e-03
5.694965343345927966e-01 1.164908133332801521e-01 1.704873197504341853e-03 3.745347553504294047e-03
5.712014075320971385e-01 1.202361608867844461e-01 1.609933894377468810e-03 3.543169988854039110e-03
5.728113414264746073e-01 1.237793308756384852e-01 1.516624483264950030e-03 3.341509516180965478e-03
5.743279659097395573e-01 1.271208403918194507e-01 1.435498307732707701e-03 3.174661824465907500e-03
5.757634642174722650e-01 1.302955022162853582e-01 1.352451481961502999e-03 2.996792863245945071e-03
5.771159156994337680e-01 1.332922950795313033e-01 1.271754459581386776e-03 2.821780523314998401e-03
5.783876701590151548e-01 1.361140756028463017e-01 1.193859917649198188e-03 2.651095890257609833e-03
5.795815300766643530e-01 1.387651714931039115e-01 1.119684206554283357e-03 2.488349535059969364e-03
5.807012142832186363e-01 1.412535210281638809e-01 1.051140406534867289e-03 2.341079307972532275e-03
5.817523546897535036e-01 1.435946003361364132e-01 9.848401781759053009e-04 2.195934595367682318e-03
5.827371948679294089e-01 1.457905349315040955e-01 9.222812019425985497e-04 2.058816504182159335e-03
5.836594760698720075e-01 1.478493514356862548e-01 8.635705744858279687e-04 1.930147012802030382e-03
5.845230466443578354e-01 1.497794984484882852e-01 8.060947880931257359e-04 1.801973455522298817e-03
5.853291414324509612e-01 1.515814719040105840e-01 7.517324474849429450e-04 1.680170918794743340e-03
5.860808738799359041e-01 1.532616428228053274e-01 7.017806372429102879e-04 1.568824436736504513e-03
5.867826545171788144e-01 1.548304672595418319e-01 6.552725412448667797e-04 1.465050237961534885e-03
5.874379270584236812e-01 1.562955174975033668e-01 6.122351586914653865e-04 1.369023742534003496e-03
5.880501622171151466e-01 1.576645412400373703e-01 5.719160270797329915e-04 1.278915395853286174e-03
5.886220782441948796e-01 1.589434566358906564e-01 5.302693398047120255e-04 1.184424320751414905e-03
5.891523475839995916e-01 1.601278809566420713e-01 4.938865545612847185e-04 1.102611401924274981e-03
5.896462341385608763e-01 1.612304923585663463e-01 4.600622231829554210e-04 1.026623506605678360e-03
5.901062963617438317e-01 1.622571158651720247e-01 4.287203840083186890e-04 9.563712132166224400e-04
5.905350167457521504e-01 1.632134870783886471e-01 3.997850753753029451e-04 8.917651001771886854e-04
5.909348018211274534e-01 1.641052521785658358e-01 3.715903105571127796e-04 8.274940653143214586e-04
5.913063921316845661e-01 1.649327462438801573e-01 3.451837306707172814e-04 7.671586256245699342e-04
5.916515758623552834e-01 1.656999048695047272e-01 3.210643050686190492e-04 7.125574468240525317e-04
5.919726401674239025e-01 1.664124623163287797e-01 2.985754733171308573e-04 6.616944069878782919e-04
5.922712156407410333e-01 1.670741567233166580e-01 2.775959599494726149e-04 6.143312729096628289e-04
5.925488116006905059e-01 1.676884879962263208e-01 2.580392294859734648e-04 5.701460657737134063e-04
5.928068508301764794e-01 1.682586340620000342e-01 2.399393603730315405e-04 5.285260500089705715e-04
5.930467901905495109e-01 1.687871601120090048e-01 2.229180122821361465e-04 4.898526832557148492e-04
5.932697082028316471e-01 1.692770127952647197e-01 2.069618637254855287e-04 4.536274941209506029e-04
5.934766700665571326e-01 1.697306402893856703e-01 1.919537675453275583e-04 4.196022975266611166e-04
5.936686238341024602e-01 1.701502425869123314e-01 1.777765765852423741e-04 3.875289083951904967e-04
5.938464004106877026e-01 1.705377714953075219e-01 1.653136945964917004e-04 3.592107274805467210e-04
5.940117141052841943e-01 1.708969822227880686e-01 1.536882332673350504e-04 3.328417537316608055e-04
5.941654023385515293e-01 1.712298239765197294e-01 1.424932490149410924e-04 3.075795871815278915e-04
5.943078955875664704e-01 1.715374035637012573e-01 1.319488529710755031e-04 2.838675761096254302e-04
5.944398444405375459e-01 1.718212711398108827e-01 1.219655197747249176e-04 2.615141727211611755e-04
5.945618099603122708e-01 1.720827853125320439e-01 1.129500068175470773e-04 2.412930137479507575e-04
5.946747599671298179e-01 1.723240783262799947e-01 1.063796448895759639e-04 2.260598168991323487e-04
5.947811396120193939e-01 1.725501381431791270e-01 9.883473777494433676e-05 2.091464253033137322e-04
5.948799743497943382e-01 1.727592845684824407e-01 9.172994765482833657e-05 1.932866770129604284e-04
5.949717042974491665e-01 1.729525712454954012e-01 8.499288766139478923e-05 1.783223556537927301e-04
5.950566971851105613e-01 1.731308936011491939e-01 7.855117092969710058e-05 1.640952448525856422e-04
5.951352483560402584e-01 1.732949888460017795e-01 7.233241059212414115e-05 1.504471282355313022e-04
5.952075807666323826e-01 1.734454359742373108e-01 6.626421978117580380e-05 1.372197894288773590e-04
5.952738449864135584e-01 1.735826557636661882e-01 6.069679411668804647e-05 1.250851544279396599e-04
5.953345417805302464e-01 1.737077409180941279e-01 5.863689463103671784e-05 1.199338404483107912e-04
5.953931786751612831e-01 1.738276747585424387e-01 5.445823829175466813e-05 1.106972770922309834e-04
5.954476369134530378e-01 1.739383720356346696e-01 5.048725566070277893e-05 1.019296060493779521e-04
5.954981241691137406e-01 1.740403016416840476e-01 4.667676740388593259e-05 9.352212989668928778e-05
5.955448009365176265e-01 1.741338237715807369e-01 4.297959418808616761e-05 8.536615121254587102e-05
5.955877805307057127e-01 1.742191899227932828e-01 3.934855668030756704e-05 7.735297257402407034e-05
5.956271290873860202e-01 1.742965428953673068e-01 3.573647554633296863e-05 6.937389655872761018e-05
5.956628655629323532e-01 1.743659167919260344e-01 3.220058509956214010e-05 6.155272534491551539e-05
5.956950661480319154e-01 1.744274695172709500e-01 3.184597637517772029e-05 6.079997437599682364e-05
5.957269121244070931e-01 1.744882694916469468e-01 2.952825088975430390e-05 5.565688356168330131e-05
5.957564403752968474e-01 1.745439263752086301e-01 2.732489159917861343e-05 5.074577633909505003e-05
5.957837652668960260e-01 1.745946721515477251e-01 2.520950964612911349e-05 4.600424978887240890e-05
5.958089747765421551e-01 1.746406764013365975e-01 2.315571617772516078e-05 4.136990099165571699e-05
5.958321304927198803e-01 1.746820463023282533e-01 2.113712233731135370e-05 3.678032702747469074e-05
5.958532676150571916e-01 1.747188266293557279e-01 1.912733926923149141e-05 3.217312497744151401e-05
5.958723949543264231e-01 1.747509997543331695e-01 1.709997811871755147e-05 2.748589192189121455e-05
5.958894949324451407e-01 1.747784856462550607e-01 1.622416812530058650e-05 2.605093382915257827e-05
5.959057191005704412e-01 1.748045365800842132e-01 1.618337545072900951e-05 2.698197254891177010e-05
5.959219024760211703e-01 1.748315185526331250e-01 1.549323927396706324e-05 2.626961675503136640e-05
5.959373957152951373e-01 1.748577881693881564e-01 1.478523722153735065e-05 2.568336286437600258e-05
5.959521809525166747e-01 1.748834715322525324e-01 1.401614135654316584e-05 2.465860409456288593e-05
5.959661970938732178e-01 1.749081301363470953e-01 1.290459964042867114e-05 2.252952864847945769e-05
5.959791016935136465e-01 1.749306596649955747e-01 1.195153305844076641e-05 2.068644747355019575e-05
5.959910532265720873e-01 1.749513461124691249e-01 1.097687911455480503e-05 1.852182467629304163e-05
5.960020301056866421e-01 1.749698679371454180e-01 1.015222764422230028e-05 1.676484590315552303e-05
5.960121823333308644e-01 1.749866327830485735e-01 9.398167464702567031e-06 1.508522603396733608e-05
5.960215805007955669e-01 1.750017180090825408e-01 8.741420161051394189e-06 1.383101537330566622e-05
5.960303219209566183e-01 1.750155490244558465e-01 8.163202389388501956e-06 1.270384739215923986e-05
5.960384851233460068e-01 1.750282528718480057e-01 7.664132367857234840e-06 1.171026382296158630e-05
5.960461492557138641e-01 1.750399631356709673e-01 7.143756642569165649e-06 1.072927491918562737e-05
5.960532930123564332e-01 1.750506924105901529e-01 6.659107188999868754e-06 9.853068171056245106e-06
5.960599521195454331e-01 1.750605454787612092e-01 6.251934393186608929e-06 9.149129647306741830e-06
5.960662040539386197e-01 1.750696946084085159e-01 5.854366422641810175e-06 8.438901337698423433e-06
5.960720584203612615e-01 1.750781335097462144e-01 5.468671333330732409e-06 7.729834028080695418e-06
5.960775270916945923e-01 1.750858633437742951e-01 5.135503485020898040e-06 7.155481187237633378e-06
5.960826625951796132e-01 1.750930188249615327e-01 4.832578089697392443e-06 6.630276037367099917e-06
5.960874951732693106e-01 1.750996491009988998e-01 4.521528933820739837e-06 6.069001463576695343e-06
5.960920167022031313e-01 1.751057181024624765e-01 4.205865585582557742e-06 5.512200990515081500e-06
5.960962225677887139e-01 1.751112303034529916e-01 4.055670885461104547e-06 5.267461218760871589e-06
5.961002782386741750e-01 1.751164977646717524e-01 4.139719961160359674e-06 5.464486565048831679e-06
5.961044179586353353e-01 1.751219622512368013e-01 3.904791452957745435e-06 5.059945574148461134e-06
5.961083227500882931e-01 1.751270221968109497e-01 3.669862943200818961e-06 4.655404583248090589e-06
5.961119926130314939e-01 1.751316776013941978e-01 3.434934435109227024e-06 4.250863591986897561e-06
5.961154275474666031e-01 1.751359284649861847e-01 3.200005926462523576e-06 3.846322601142038167e-06
5.961186275533930656e-01 1.751397747875873268e-01 2.965077416705597102e-06 3.441781609936356290e-06
5.961215926308097712e-01 1.751432165691972631e-01 2.730148908169915956e-06 3.037240619202519198e-06
5.961243227797179411e-01 1.751462538098164656e-01 2.495220399856279414e-06 2.632699628135615200e-06
5.961268180001177974e-01 1.751488865094446012e-01 2.260291890321397545e-06 2.228158637068711201e-06
5.961290782920081188e-01 1.751511146680816700e-01 2.025363382229805609e-06 1.823617645863029324e-06
5.961311036553903486e-01 1.751529382857275330e-01 1.790434872805946043e-06 1.419076655129192233e-06
5.961328940902631546e-01 1.751543573623826622e-01 1.555506364270264896e-06 1.014535663840243629e-06
5.961344495966274248e-01 1.751553718980465024e-01 1.997387069962996975e-06 1.939140510942571893e-06
5.961364469836973878e-01 1.751573110385574450e-01 1.887276943168814114e-06 1.779723003525468528e-06
5.961383342606405566e-01 1.751590907615609705e-01 1.757188400342002410e-06 1.581071061351746465e-06
5.961400914490408987e-01 1.751606718326223222e-01 1.627099858514391428e-06 1.382419119178024403e-06
5.961417185488994130e-01 1.751620542517415002e-01 1.497011316464735842e-06 1.183767176532457555e-06
5.961432155602158778e-01 1.751632380189180327e-01 1.366922774415080255e-06 9.851152346362912482e-07
5.961445824829902929e-01 1.751642231341526690e-01 1.236834232476446971e-06 7.864632922405245807e-07
5.961458193172227693e-01 1.751650095974449095e-01 1.106745689760657569e-06 5.878113499557802157e-07
5.961469260629125300e-01 1.751655974087948653e-01 9.766571478220242852e-07 3.891594077265470020e-07
5.961479027200603520e-01 1.751659865682025918e-01 8.465686056613463961e-07 1.905074652197580320e-07
5.961487492886660133e-01 1.751661770756678116e-01 7.164800633896462045e-07 -8.144476620897123098e-09
5.961494657687294030e-01 1.751661689311911907e-01 5.863915217840798277e-07 -2.067964191554416686e-07
5.961500521602511871e-01 1.751659621347720353e-01 5.464526043885697959e-07 -2.286845580123930688e-07
5.961505986128555756e-01 1.751657334502140229e-01 6.050278623659366417e-07 -5.652323234461853474e-08
5.961512036407179416e-01 1.751656769269816782e-01 5.508281120114588703e-07 -5.037867065182943804e-08
5.961517544688299530e-01 1.751656265483110264e-01 4.445489791837786697e-07 -7.759824041664309391e-08
5.961521990178091368e-01 1.751655489500706098e-01 4.445489790727563673e-07 -7.759824036113194268e-08
5.961526435667882096e-01 1.751654713518302486e-01 4.445489786286671574e-07 -7.759824030562079145e-08
5.961530881157668382e-01 1.751653937535899430e-01 4.445489789617340648e-07 -7.759824019459848898e-08
5.961535326647458000e-01 1.751653161553497484e-01 4.445489792948009722e-07 -7.759824027786521583e-08
5.961539772137250948e-01 1.751652385571094706e-01 4.445489788507117623e-07 -7.759824041664309391e-08
5.961544217627039455e-01 1.751651609588690539e-01 4.445489790727563673e-07 -7.759824027786521583e-08
5.961548663116830182e-01 1.751650833606287760e-01 4.069003833873097165e-07 -8.457512851167692247e-08
5.961552732120664055e-01 1.751649987855002644e-01 3.668978679760570571e-07 -9.198823602840633384e-08
5.961556401099343816e-01 1.751649067972642360e-01 3.511716507587081537e-07 -9.490255592492502501e-08
5.961559912815851403e-01 1.751648118947083110e-01 3.354454349846491823e-07 -9.781687626553292603e-08
5.961563267270201250e-01 1.751647140778320455e-01 3.197192183224117912e-07 -1.007311959400070123e-07
5.961566464462384474e-01 1.751646133466361055e-01 3.039930019932413074e-07 -1.036455159753035815e-07
5.961569504392404406e-01 1.751645097011201302e-01 2.882667858861154286e-07 -1.065598360661113020e-07
5.961572387060263267e-01 1.751644031412840641e-01 2.725405688908111301e-07 -1.094741559903855688e-07
5.961575112465952175e-01 1.751642936671280737e-01 3.319231286491586275e-07 -8.806899523539080121e-08
5.961578431697238667e-01 1.751642055981328383e-01 3.339479667241462835e-07 -8.523569902663119535e-08
5.961581771176905908e-01 1.751641203624338117e-01 3.236881750412479164e-07 -8.638004475591820608e-08
5.961585008058656321e-01 1.751640339823890558e-01 3.134283823591488272e-07 -8.752439059622751927e-08
5.961588142342479912e-01 1.751639464579984595e-01 3.031685901211389478e-07 -8.866873635327010561e-08
5.961591174028381124e-01 1.751638577892621063e-01 2.929087981051736733e-07 -8.981308213806826757e-08
5.961594103116362175e-01 1.751637679761799682e-01 2.826490056451191890e-07 -9.095742789511085391e-08
5.961596929606418627e-01 1.751636770187520731e-01 2.723892134071093096e-07 -9.210177362439786464e-08
5.961599653498552698e-01 1.751635849169784487e-01 2.621294219462555475e-07 -9.324611957572948029e-08
5.961602274792772160e-01 1.751634916708588730e-01 2.518696289310895509e-07 -9.439046505521631047e-08
5.961604793489061471e-01 1.751633972803938177e-01 2.416098370261465789e-07 -9.553481089552562366e-08
5.961607209587431733e-01 1.751633017455829222e-01 2.313500447881366995e-07 -9.667915687461281493e-08
5.961609523087879614e-01 1.751632050664260476e-01 2.210902527721714250e-07 -9.782350238185522073e-08
5.961611733990407336e-01 1.751631072429236657e-01 2.108304598680277309e-07 -9.896784824992010954e-08
5.961613842295006016e-01 1.751630082750754158e-01 2.005706685181962712e-07 -1.001121939792071203e-07
5.961615848001691198e-01 1.751629081628814366e-01 1.903108759471194844e-07 -1.012565400693166140e-07
5.961617751110450669e-01 1.751628069063413673e-01 1.800510837091096050e-07 -1.024008853545144149e-07
5.961619551621287760e-01 1.751627045054560128e-01 1.697912912490551207e-07 -1.035452315001350598e-07
5.961621249534200251e-01 1.751626009602245126e-01 1.595314996771790561e-07 -1.046895771183997681e-07
5.961622844849197023e-01 1.751624962706473942e-01 1.492717072171245718e-07 -1.058339228754423544e-07
5.961624337566269194e-01 1.751623904367245188e-01 1.390119148680923900e-07 -1.069782686879960920e-07
5.961625727685417875e-01 1.751622834584558308e-01 1.287521229631494180e-07 -1.081226145838165564e-07
5.961627015206647506e-01 1.751621753358412470e-01 1.184923303920726312e-07 -1.092669600355478110e-07
5.961628200129951427e-01 1.751620660688812114e-01 1.082325380430404493e-07 -1.104113060701461535e-07
5.961629282455331857e-01 1.751619556575751413e-01 9.797274613809747734e-08 -1.115556517716775886e-07
5.961630262182793238e-01 1.751618441019233696e-01 8.771295378906529550e-08 -1.126999975842313262e-07
5.961631139312331129e-01 1.751617314019257854e-01 7.745316210616692842e-08 -1.138443431747404588e-07
5.961631913843952191e-01 1.751616175575826106e-01 6.719336964611244412e-08 -1.149886893481166794e-07
5.961632585777648652e-01 1.751615025688932625e-01 5.693357707503565734e-08 -1.161330347720923584e-07
5.961633155113419402e-01 1.751613864358584904e-01 4.667378517009268535e-08 -1.172773806124016716e-07
5.961633621851271103e-01 1.751612691584778780e-01 3.641399293208280596e-08 -1.184217263416886823e-07
5.961633985991200424e-01 1.751611507367515363e-01 8.292857989200541624e-08 -1.039584559270334552e-07
5.961634815276999344e-01 1.751610467782956093e-01 1.165749499154600244e-07 -9.303273457161864712e-08
5.961635981026498499e-01 1.751609537455610377e-01 1.123353434717699884e-07 -9.252209559607038614e-08
5.961637104379933216e-01 1.751608612234654416e-01 1.080957356958123228e-07 -9.201145645398867146e-08
5.961638185337290174e-01 1.751607692120089876e-01 1.038561288080330769e-07 -9.150081772824059101e-08
5.961639223898578255e-01 1.751606777111912594e-01 9.961652125412001624e-08 -9.099017830860312017e-08
5.961640220063790796e-01 1.751605867210129508e-01 9.537691414429616543e-08 -9.047953941632158603e-08
5.961641173832932239e-01 1.751604962414735345e-01 9.113730659038310478e-08 -8.996890005219526643e-08
5.961642085205998143e-01 1.751604062725734823e-01 8.689769936953695151e-08 -8.945826127093603475e-08
5.961642954182991838e-01 1.751603168143122113e-01 8.265809237073540316e-08 -8.894762199007644199e-08
5.961643780763915546e-01 1.751602278666902213e-01 7.841848470580004005e-08 -8.843698301452818100e-08
5.961644564948762604e-01 1.751601394297072067e-01 7.417887759597618924e-08 -8.792634406673549563e-08
5.961645306737538563e-01 1.751600515033631400e-01 6.993927015308543105e-08 -8.741570484138705410e-08
5.961646006130240094e-01 1.751599640876582986e-01 6.569966304326158024e-08 -8.690506586583879312e-08
5.961646663126870527e-01 1.751598771825924328e-01 6.146005560037082205e-08 -8.639442658497920036e-08
5.961647277727426530e-01 1.751597907881658478e-01 5.722044837952466878e-08 -8.588378760943093937e-08
5.961647849931910326e-01 1.751597049043782384e-01 5.298084126970081797e-08 -8.537314868939382961e-08
5.961648379740323023e-01 1.751596195312295490e-01 4.874123393783236224e-08 -8.486250932526751001e-08
5.961648867152662401e-01 1.751595346687202237e-01 4.450162627289699913e-08 -8.435187054400827833e-08
5.961649312168925130e-01 1.751594503168496797e-01 4.026201960716235817e-08 -8.384123134641541242e-08
5.961649714789121202e-01 1.751593664756183333e-01 3.602241194222699505e-08 -8.333059217657812212e-08
5.961650075013240624e-01 1.751592831450261567e-01 3.178280449933623686e-08 -8.281995331205216360e-08
5.961650392841285617e-01 1.751592003250728447e-01 2.754319738951238605e-08 -8.230931400343699522e-08
5.961650668273259512e-01 1.751591180157588412e-01 2.330359039071083771e-08 -8.179867519442218793e-08
5.961650901309163419e-01 1.751590362170836468e-01 1.906398305884238198e-08 -8.128803602458489763e-08
5.961651091948994008e-01 1.751589549290476222e-01 1.482437517186241394e-08 -8.077739674372530487e-08
5.961651240192745727e-01 1.751588741516508785e-01 1.058476806203856313e-08 -8.026675776817704389e-08
5.961651346040426347e-01 1.751587938848931103e-01 6.345161285281619712e-09 -7.975611876487320728e-08
5.961651409492039200e-01 1.751587141287743454e-01 2.105553620346256594e-09 -7.924547967830264383e-08
5.961651430547575403e-01 1.751586348832946671e-01 -2.134053489477594212e-09 -7.873484075826553408e-08
5.961651409207040508e-01 1.751585561484539089e-01 -6.373660932368352405e-09 -7.822420136638363886e-08
5.961651345470431185e-01 1.751584779242525425e-01 -1.198333698937403824e-08 -7.127833512310388642e-08
