-9.999999999999900462e-04 1.000000000000000888e-02 -5.675500512644995887e-05 6.336480102540446857e-04
-1.056755005126440005e-03 1.063364801025405357e-02 -6.711180168890982546e-05 7.456343862084213736e-04
-1.123866806815349830e-03 1.137928239646247494e-02 -7.039618438939927898e-05 7.813246605466797612e-04
-1.194262991204749109e-03 1.216060705700915470e-02 -7.039618438941987882e-05 7.813246605466641487e-04
-1.264659175594168988e-03 1.294193171755581885e-02 -7.671075211108414893e-05 8.508815077503204677e-04
-1.341369927705253137e-03 1.379281322530613932e-02 -8.408831081429439872e-05 9.321475177249561456e-04
-1.425458238519547536e-03 1.472496074303109546e-02 -8.916850523820515212e-05 9.881073748173162946e-04
-1.514626743757752688e-03 1.571306811784841176e-02 -9.596901342758716938e-05 1.064972646487204883e-03
-1.610595757185339857e-03 1.677804076433561664e-02 -1.027379988066410080e-04 1.141454850002814742e-03
-1.713333755991980865e-03 1.791949561433843138e-02 -1.085655821437768974e-04 1.206497047419159696e-03
-1.821899338135757763e-03 1.912599266175759108e-02 -1.143931654809305677e-04 1.271539244835435262e-03
-1.936292503616688331e-03 2.039753190659302634e-02 -1.202207488180538804e-04 1.336581442251794094e-03
-2.056513252434742211e-03 2.173411334884482043e-02 -1.260483321552170917e-04 1.401623639668069660e-03
-2.182561584589959303e-03 2.313573698851289009e-02 -1.318759154923191540e-04 1.466665837084442370e-03
-2.314437500082278457e-03 2.460240282559733246e-02 -1.454147786120857898e-04 1.622748881224187617e-03
-2.459852278694364246e-03 2.622515170682152008e-02 -1.567230162727983184e-04 1.752496733769575571e-03
-2.616575294967162565e-03 2.797764844059109565e-02 -1.653786524821380770e-04 1.850927465297289021e-03
-2.781953947449300642e-03 2.982857590588838467e-02 -1.740342886914613557e-04 1.949358196824926143e-03
-2.955988236140761997e-03 3.177793410271331082e-02 -1.826899249008110890e-04 2.047788928352632654e-03
-3.138678161041573086e-03 3.382572303106594347e-02 -1.913455611101616896e-04 2.146219659880259367e-03
-3.330023722151734776e-03 3.597194269094620284e-02 -2.000011973194810652e-04 2.244650391407983225e-03
-3.530024919471215841e-03 3.821659308235418606e-02 -2.181940558104410177e-04 2.458067580265774210e-03
-3.748218975281656859e-03 4.067466066261996027e-02 -2.333288606462266893e-04 2.634615044821368712e-03
-3.981547835927883548e-03 4.330927570744132898e-02 -2.473812179288282717e-04 2.798111874117201192e-03
-4.228929053856711820e-03 4.610738758155853018e-02 -2.620527259080815061e-04 2.969073554609638621e-03
-4.490981779764793326e-03 4.907646113616816880e-02 -2.773433845839482284e-04 3.147500086298625488e-03
-4.768325164348741554e-03 5.222396122246679429e-02 -2.932531939565073686e-04 3.333391469184147915e-03
-5.061578358305248923e-03 5.555735269165094220e-02 -3.097821540256496392e-04 3.526747703266219780e-03
-5.371360512330898562e-03 5.908410039491716198e-02 -3.313269508292276955e-04 3.789735551659158264e-03
-5.702687463160126258e-03 6.287383594657632024e-02 -3.507500587791468477e-04 4.021434262086370781e-03
-6.053437521939273105e-03 6.689527020866269102e-02 -3.705938739512540381e-04 4.257791940286845267e-03
-6.424031395890527144e-03 7.115306214894953629e-02 -3.911768207379342360e-04 4.503310934986001768e-03
-6.815208216628461380e-03 7.565637308393553806e-02 -4.124988991393296889e-04 4.757991246184076206e-03
-7.227707115767791068e-03 8.041436433011961427e-02 -4.345601091553658035e-04 5.021832873880902048e-03
-7.662267224923156872e-03 8.543619720400051631e-02 -4.573604507860443147e-04 5.294835818076493172e-03
-8.119627675709201187e-03 9.073103302207700949e-02 -4.808999240313322626e-04 5.577000078771016112e-03
-8.600527599740533449e-03 9.630803310084802560e-02 -5.051785288913406696e-04 5.868325655964165555e-03
-9.105706128631874119e-03 1.021763587568121912e-01 -5.301962653660105551e-04 6.168812549656385591e-03
-9.635902393997884674e-03 1.083451713064685767e-01 -5.571236151426378624e-04 6.507474794953171937e-03
-1.019302600914052254e-02 1.148526461014217487e-01 -5.845310355128592594e-04 6.848876722270386130e-03
-1.077755704465338180e-02 1.217015228236921348e-01 -6.122847917533931483e-04 7.189703299857588825e-03
-1.138984183640677494e-02 1.288912261235497236e-01 -6.408211775975822255e-04 7.540769427113958034e-03
-1.203066301400435717e-02 1.364319955506636817e-01 -6.701401930454646549e-04 7.902075104039840703e-03
-1.270080320704982182e-02 1.443340706547035224e-01 -7.002418380969675782e-04 8.273620330634917641e-03
-1.340104504514678940e-02 1.526076909853384400e-01 -7.311261127523095704e-04 8.655405106899299872e-03
-1.413217115789909897e-02 1.612630960922377399e-01 -7.627930170111367481e-04 9.047429432832765350e-03
-1.489496417491023572e-02 1.703105255250705052e-01 -7.952425508737197279e-04 9.449693308435758166e-03
-1.569020672578395545e-02 1.797602188335062634e-01 -8.284747143400793268e-04 9.862196733707861984e-03
-1.651868144012403478e-02 1.896224155672141254e-01 -8.601598296491333451e-04 1.025838016668983999e-02
-1.737884126977316812e-02 1.998807957339039654e-01 -8.888584940751897978e-04 1.062183366531313511e-02
-1.826769976384835792e-02 2.105026293992171005e-01 -9.185800283219441864e-04 1.099826557742356048e-02
-1.918627979217030211e-02 2.215008949766406610e-01 -9.451941960404303122e-04 1.133581446925790992e-02
-2.013147398821073242e-02 2.328367094458985709e-01 -9.671524086402247256e-04 1.161395987151320197e-02
-2.109862639685095714e-02 2.444506693174117729e-01 -9.888419655839156275e-04 1.189083823470454826e-02
-2.208746836243487277e-02 2.563415075521163211e-01 -1.006085777203194476e-03 1.210966408595148813e-02
-2.309355413963806725e-02 2.684511716380678092e-01 -1.017440325304375115e-03 1.225047328175771222e-02
-2.411099446494244236e-02 2.807016449198255215e-01 -1.027067450774576951e-03 1.237082490868524065e-02
-2.513806191571701931e-02 2.930724698285107621e-01 -1.031631399615678957e-03 1.242350351504184491e-02
-2.616969331533269827e-02 3.054959733435526070e-01 -1.029331265313668253e-03 1.238246973243178894e-02
-2.719902458064636652e-02 3.178784430759843960e-01 -1.022487658391676990e-03 1.228127734715694919e-02
-2.822151223903804351e-02 3.301597204231413452e-01 -1.012053576109880892e-03 1.212755096794010390e-02
-2.923356581514792440e-02 3.422872713910814491e-01 -9.980548065989802708e-04 1.192054593723573808e-02
-3.023162062174690468e-02 3.542078173283171871e-01 -9.766096994927725428e-04 1.161326625621988962e-02
-3.120823032123967722e-02 3.658210835845370767e-01 -9.491811300391256312e-04 1.122197769675054024e-02
-3.215741145127880285e-02 3.770430612812876170e-01 -9.154873391699069884e-04 1.074229524444536565e-02
-3.307289879044870984e-02 3.877853565257329826e-01 -8.782043004226663951e-04 1.020635405188047296e-02
-3.395110309087137623e-02 3.979917105776134556e-01 -8.441219583243952940e-04 9.697085921451853441e-03
-3.479522504919577153e-02 4.076887964990653090e-01 -8.031337596057230854e-04 9.088795641929714453e-03
-3.559835880880149461e-02 4.167775921409950235e-01 -7.594178482764751825e-04 8.432166194168033702e-03
-3.635777665707796980e-02 4.252097583351630572e-01 -7.178531708365992747e-04 7.796002206933827505e-03
-3.707562982791456907e-02 4.330057605420968847e-01 -6.786655124512014359e-04 7.181924418355856155e-03
-3.775429534036577051e-02 4.401876849604527409e-01 -6.389438142277159560e-04 6.546262768983901470e-03
-3.839323915459348646e-02 4.467339477294366423e-01 -6.012677845828040546e-04 5.924624723577964769e-03
-3.899450693917629052e-02 4.526585724530146071e-01 -5.655221955416234181e-04 5.340408033325028114e-03
-3.956002913471791393e-02 4.579989804863396352e-01 -5.332996006221085716e-04 4.791304809801055775e-03
-4.009332873534002251e-02 4.627902852961406910e-01 -5.051913023504106537e-04 4.290078060520730041e-03
-4.059852003769043316e-02 4.670803633566614210e-01 -4.806927572410385485e-04 3.835528965367041021e-03
-4.107921279493147171e-02 4.709158923220284620e-01 -4.540841917735072286e-04 3.368787342922396899e-03
-4.153329698670497894e-02 4.742846796649508589e-01 -4.339051088315115656e-04 2.984285137007436362e-03
-4.196720209553649050e-02 4.772689648019582953e-01 -4.175961786273968412e-04 2.657130239650307146e-03
-4.238479827416388734e-02 4.799260950416086025e-01 -4.021721146669487990e-04 2.350246294451296958e-03
-4.278697038883083614e-02 4.822763413360598994e-01 -3.862336437185365234e-04 2.041776466653266731e-03
-4.317320403254937267e-02 4.843181178027131661e-01 -3.748974677113964260e-04 1.798077280252663446e-03
-4.354810150026076909e-02 4.861161950829658296e-01 -3.660139868449791001e-04 1.591972341329073171e-03
-4.391411548710574819e-02 4.877081674242949028e-01 -3.549674045965900415e-04 1.367945315493168668e-03
-4.426908289170233823e-02 4.890761127397880714e-01 -3.462418449084320171e-04 1.179928849693756554e-03
-4.461532473661077025e-02 4.902560415894818280e-01 -3.401284971382978473e-04 1.031425213948167219e-03
-4.495545323374906810e-02 4.912874668034299952e-01 -3.357059097017639493e-04 9.113516809207689029e-04
-4.529115914345083205e-02 4.921988184843507641e-01 -3.307328422708089022e-04 7.852430714541669410e-04
-4.562189198572164095e-02 4.929840615558049310e-01 -3.256069559651741940e-04 6.592145091949275226e-04
-4.594749894168681514e-02 4.936432760649998586e-01 -3.229296184837637806e-04 5.732691132651623889e-04
-4.627042856017057892e-02 4.942165451782650210e-01 -3.213675886376415880e-04 5.069046662599663300e-04
-4.659179614880822051e-02 4.947234498445249873e-01 -3.200290203369954289e-04 4.451134930300026937e-04
-4.691182516914521594e-02 4.951685633375549900e-01 -3.172537151602122796e-04 3.599583531853634000e-04
-4.722907888430542822e-02 4.955285216907403534e-01 -3.165745423420740501e-04 3.108891388592938121e-04
-4.754565342664750227e-02 4.958394108295996472e-01 -3.165662190797863262e-04 2.739216878077099793e-04
-4.786221964572728860e-02 4.961133325174073572e-01 -3.171437118512920872e-04 2.475479377298528405e-04
-4.817936335757858068e-02 4.963608804551372100e-01 -3.164851925085976347e-04 1.994579207018620792e-04
-4.849584855008717832e-02 4.965603383758390721e-01 -3.168159883154830769e-04 1.691176272917704893e-04
-4.881266453840266140e-02 4.967294560031308426e-01 -3.172624959395103916e-04 1.410337763784741405e-04
-4.912992703434217179e-02 4.968704897795093167e-01 -3.177546381386564533e-04 1.139635540118311141e-04
-4.944768167248082824e-02 4.969844533335211478e-01 -3.189358842956846463e-04 9.857236467436525373e-05
-4.976661755677651289e-02 4.970830256981955131e-01 -3.201028875368938653e-04 8.304890058580260970e-05
-5.008672044431340675e-02 4.971660745987813157e-01 -3.212299904127302597e-04 6.689165966922150375e-05
-5.040795043472613701e-02 4.972329662584505372e-01 -3.223800628281703329e-04 5.107655288588697218e-05
-5.073033049755430735e-02 4.972840428113364242e-01 -3.237070261142144245e-04 3.810832528416963072e-05
-5.105403752366852177e-02 4.973221511366205938e-01 -3.254278865229554007e-04 3.154753395051557163e-05
-5.137946541019147717e-02 4.973536986705711094e-01 -3.269845651576175349e-04 2.198263094455032984e-05
-5.170644997534909471e-02 4.973756813015156597e-01 -3.285752690249388319e-04 1.265954240287081589e-05
-5.203502524437403354e-02 4.973883408439185305e-01 -3.301792332045250244e-04 3.159401169960940337e-06
-5.236520447757855856e-02 4.973915002450884915e-01 -3.320933745239312840e-04 -4.791813131843625229e-07
-5.269729785210248985e-02 4.973910210637753071e-01 -3.339555382834008546e-04 -5.614461055514219368e-06
-5.303125339038589070e-02 4.973854066027197929e-01 -3.358383805242837195e-04 -1.076634858188096899e-05
-5.336709177091017442e-02 4.973746402541379119e-01 -3.377519860716660105e-04 -1.572663198295964904e-05
-5.370484375698184043e-02 4.973589136221549523e-01 -3.397354487055942451e-04 -1.951122525400972307e-05
-5.404457920568743468e-02 4.973394023969009425e-01 -3.418041007535455034e-04 -2.170970359488544332e-05
-5.438638330644098018e-02 4.973176926933060571e-01 -3.438673937772029898e-04 -2.446786984694471201e-05
-5.473025070021818317e-02 4.972932248234591124e-01 -3.459569593365907636e-04 -2.698179476062767534e-05
-5.507620765955477393e-02 4.972662430286984847e-01 -3.480671487321590485e-04 -2.934819444155856161e-05
-5.542427480828693298e-02 4.972368948342569261e-01 -3.502169089113910116e-04 -3.124280302846393909e-05
-5.577449171719832399e-02 4.972056520312284622e-01 -3.523996664676759538e-04 -3.277797525708114890e-05
-5.612689138366599995e-02 4.971728740559713811e-01 -3.546148663595427575e-04 -3.396328446875207518e-05
-5.648150625002554270e-02 4.971389107715026290e-01 -3.568625085863530444e-04 -3.479873066469796328e-05
-5.683836875861189575e-02 4.971041120408379310e-01 -3.590445301066558237e-04 -3.753155048974443631e-05
-5.719741328871855157e-02 4.970665804903481866e-01 -3.612367195807569820e-04 -4.042495246653343699e-05
-5.755865000829930855e-02 4.970261555378816531e-01 -3.635228486520147850e-04 -4.155920513931876670e-05
-5.792217285695132334e-02 4.969845963327423344e-01 -3.658361392721021232e-04 -4.246461058776684894e-05
-5.828800899622342546e-02 4.969421317221545675e-01 -3.681765914410051188e-04 -4.314116881098950529e-05
-5.865618558766443058e-02 4.968989905533435780e-01 -3.705442051587515273e-04 -4.358887980915326921e-05
-5.902672979282318211e-02 4.968554016735344248e-01 -3.729389804257438046e-04 -4.380774358175854033e-05
-5.939966877324892591e-02 4.968115939299526662e-01 -3.753609172412047945e-04 -4.379776012980451938e-05
-5.977502969049013071e-02 4.967677961698228617e-01 -3.778100156057451198e-04 -4.355892945290262830e-05
-6.015283970609587583e-02 4.967242372403699591e-01 -3.802862755190039579e-04 -4.309125155022019982e-05
-6.053312598161487978e-02 4.966811459888197389e-01 -3.825832599600592632e-04 -4.736628803025944023e-05
-6.091570924157493905e-02 4.966337797007894794e-01 -3.850453104823625683e-04 -4.809136329142482680e-05
-6.130075455205730162e-02 4.965856883374980546e-01 -3.875337546773854891e-04 -4.860608386597631281e-05
-6.168828830673468711e-02 4.965370822536320783e-01 -3.900433639493633420e-04 -4.903636847136683130e-05
-6.207833167068405045e-02 4.964880458851607115e-01 -3.925741382986847050e-04 -4.938221710693024846e-05
-6.247090580898273515e-02 4.964386636680537812e-01 -3.951260777242393551e-04 -4.964362977472047689e-05
-6.286603188670697451e-02 4.963890200382790607e-01 -3.976991822273873156e-04 -4.982060647301667089e-05
-6.326373106893436182e-02 4.963391994318060441e-01 -4.002934518073375525e-04 -4.991314720170780816e-05
-6.366402452074169938e-02 4.962892862846043363e-01 -4.029088864639929213e-04 -4.992125196195962289e-05
-6.406693340720569230e-02 4.962393650326423766e-01 -4.055060350289657611e-04 -5.089275204306353828e-05
-6.447243944223465806e-02 4.961884722805993131e-01 -4.080788540714724855e-04 -5.298816221871449628e-05
-6.488051829630613054e-02 4.961354841183805986e-01 -4.107232784073128196e-04 -5.365943374463499893e-05
-6.529124157471344336e-02 4.960818246846359636e-01 -4.133857227751197572e-04 -5.432980234887363480e-05
-6.570462729748856312e-02 4.960274948822870900e-01 -4.160661871749904428e-04 -5.499926803231858230e-05
-6.612069348466355356e-02 4.959724956142547714e-01 -4.187646716071330433e-04 -5.566783079463677453e-05
-6.653945815627068661e-02 4.959168277834601346e-01 -4.214811760712422473e-04 -5.633549063538412227e-05
-6.696093933234192885e-02 4.958604922928247505e-01 -4.242157005678176551e-04 -5.700224755506022589e-05
-6.738515503290974651e-02 4.958034900452696903e-01 -4.269682450963457887e-04 -5.766810155372059654e-05
-6.781212327800609230e-02 4.957458219437159697e-01 -4.297388096568544036e-04 -5.833305263036603350e-05
-6.824186208766294670e-02 4.956874888910856036e-01 -4.327711833943398423e-04 -5.963343031156753682e-05
-6.867463327105728654e-02 4.956278554607740361e-01 -4.356297738756093052e-04 -6.059605846814308805e-05
-6.911026304493289585e-02 4.955672594023058930e-01 -4.384278313800532567e-04 -6.141564677425437324e-05
-6.954869087631294911e-02 4.955058437555316386e-01 -4.412258888844278193e-04 -6.223523508008810268e-05
-6.998991676519737692e-02 4.954436085204515505e-01 -4.440239463887607485e-04 -6.305482338658796593e-05
-7.043394071158613767e-02 4.953805536970649626e-01 -4.468220038930797999e-04 -6.387441169258822882e-05
-7.088076271547921747e-02 4.953166792853723743e-01 -4.496200613973849736e-04 -6.469399999908809207e-05
-7.133038277687660245e-02 4.952519852853732862e-01 -4.524181189019677030e-04 -6.551358830486631035e-05
-7.178280089577857015e-02 4.951864716970684199e-01 -4.552161764062451210e-04 -6.633317661114412900e-05
-7.223801707218481527e-02 4.951201385204572758e-01 -4.595791087098205496e-04 -6.775288606797325031e-05
-7.269759618089463582e-02 4.950523856343893025e-01 -4.683349391864377598e-04 -7.085724857669450927e-05
-7.316593112008107358e-02 4.949815283858126080e-01 -4.715371189304012889e-04 -7.183181560943552313e-05
-7.363746823901147487e-02 4.949096965702031725e-01 -4.747392986741288956e-04 -7.280638264234307044e-05
-7.411220753768560376e-02 4.948368901875608294e-01 -4.779414784182728360e-04 -7.378094967419590589e-05
-7.459014901610387660e-02 4.947631092378866335e-01 -4.811436581622363651e-04 -7.475551670699243090e-05
-7.507129267426611297e-02 4.946883537211796411e-01 -4.843458379061027497e-04 -7.573008373978895591e-05
-7.555563851217221571e-02 4.946126236374398522e-01 -4.875480176501217899e-04 -7.670465077230792517e-05
-7.604318652982233750e-02 4.945359189866675442e-01 -4.907501973938493967e-04 -7.767921780510445018e-05
-7.653393672721618690e-02 4.944582397688624398e-01 -4.939523771379100703e-04 -7.865378483756790828e-05
-7.702788910435409697e-02 4.943795859840248719e-01 -4.971545568818735994e-04 -7.962835187019789984e-05
-7.752504366123597057e-02 4.942999576321546740e-01 -5.003567366258787619e-04 -8.060291890266135795e-05
-7.802540039786184933e-02 4.942193547132520126e-01 -5.035589163697451465e-04 -8.157748593534686066e-05
-7.852895931423159448e-02 4.941377772273166658e-01 -5.067610961135976533e-04 -8.255205296836543027e-05
-7.903572041034519213e-02 4.940552251743483003e-01 -5.099632758577277158e-04 -8.352662000055133262e-05
-7.954568368620291985e-02 4.939716985543477490e-01 -5.131654556014969559e-04 -8.450118703301479073e-05
-8.005884914180441680e-02 4.938871973673147342e-01 -5.163676353455021184e-04 -8.547575406603336035e-05
-8.057521677714991892e-02 4.938017216132487008e-01 -5.195698150892991141e-04 -8.645032109833028500e-05
-8.109478659223921804e-02 4.937152712921503706e-01 -5.227719948335679545e-04 -8.742488813090476540e-05
-8.161755858707278599e-02 4.936278464040194658e-01 -5.259741745772400501e-04 -8.839945516370129042e-05
-8.214353276165002604e-02 4.935394469488557645e-01 -5.291763543213007237e-04 -8.937402219644230428e-05
-8.267270911597132677e-02 4.934500729266593222e-01 -5.323785340652920084e-04 -9.034858922873922893e-05
-8.320508765003661877e-02 4.933597243374305830e-01 -5.355807138090196151e-04 -9.132315626148024279e-05
-8.374066836384563839e-02 4.932684011811691027e-01 -5.387828935532190666e-04 -9.229772329422125665e-05
-8.427945125739885746e-02 4.931761034578748815e-01 -5.419850732969883067e-04 -9.327229032657369245e-05
-8.482143633069584576e-02 4.930828311675483078e-01 -5.451872530408408135e-04 -9.424685735942572862e-05
-8.536662358373668658e-02 4.929885843101888820e-01 -5.483894327849847539e-04 -9.522142439161163097e-05
-8.591501301652167133e-02 4.928933628857972704e-01 -5.515916125288372607e-04 -9.619599142468571173e-05
-8.646660462905050859e-02 4.927971668943725847e-01 -5.547937922726342563e-04 -9.717055845720468099e-05
-8.702139842132314285e-02 4.926999963359153800e-01 -5.579959720168059523e-04 -9.814512548961262794e-05
-8.757939439333994880e-02 4.926018512104257674e-01 -5.611981517607417258e-04 -9.911969252229813065e-05
-8.814059254510069052e-02 4.925027315179034693e-01 -5.644003315043721880e-04 -1.000942595549281222e-04
-8.870499287660506271e-02 4.924026372583485411e-01 -5.676025112487381730e-04 -1.010688265874470915e-04
-8.927259538785380089e-02 4.923015684317610940e-01 -5.708046909924796575e-04 -1.020433936202436165e-04
-8.984340007884628054e-02 4.921995250381408504e-01 -5.740068707364986977e-04 -1.030179606526515634e-04
-9.041740694958277924e-02 4.920965070774881989e-01 -5.772090504803928379e-04 -1.039925276852815550e-04
-9.099461600006317208e-02 4.919925145498029173e-01 -5.867699212329935410e-04 -1.087016163692222648e-04
-9.158138592129616562e-02 4.918838129334336950e-01 -5.995132374175399237e-04 -1.152797864956700558e-04
-9.218089915871370554e-02 4.917685331469380250e-01 -6.035604650763415346e-04 -1.167506584643374090e-04
-9.278445962379004708e-02 4.916517824884736876e-01 -6.076076927348933454e-04 -1.182215304328937400e-04
-9.339206731652494042e-02 4.915335609580407938e-01 -6.116549203934174006e-04 -1.196924024014500709e-04
-9.400372223691835782e-02 4.914138685556393438e-01 -6.157021480522606449e-04 -1.211632743699508907e-04
-9.461942438497061847e-02 4.912927052812693929e-01 -6.197493757109096002e-04 -1.226341463382851771e-04
-9.523917376068152807e-02 4.911700711349311077e-01 -6.237966033692809997e-04 -1.241050183068415080e-04
-9.586297036405080907e-02 4.910459661166242662e-01 -6.278438310282352663e-04 -1.255758902752868167e-04
-9.649081419507904434e-02 4.909203902263489794e-01 -6.318910586867176882e-04 -1.270467622440096811e-04
-9.712270525376576202e-02 4.907933434641049697e-01 -6.359382863453388879e-04 -1.285176342125105009e-04
-9.775864354011110091e-02 4.906648258298924592e-01 -6.399855140040155987e-04 -1.299885061809558096e-04
-9.839862905411511651e-02 4.905348373237115034e-01 -6.440327416627616985e-04 -1.314593781491235625e-04
-9.904266179577787821e-02 4.904033779455623798e-01 -6.480799693212302426e-04 -1.329302501183460272e-04
-9.969074176509910845e-02 4.902704476954440338e-01 -6.521271969799485868e-04 -1.344011220862362244e-04
-1.003428689620790570e-01 4.901360465733577976e-01 -6.561744246385003976e-04 -1.358719940551256222e-04
-1.009990433867175574e-01 4.900001745793026720e-01 -6.602216522970799639e-04 -1.373428660234599086e-04
-1.016592650390146374e-01 4.898628317132792120e-01 -6.642688799559648416e-04 -1.388137379920717507e-04
-1.023235339189706022e-01 4.897240179752871403e-01 -6.683161076144611412e-04 -1.402846099604615482e-04
-1.029918500265850634e-01 4.895837333653266787e-01 -6.723633352730268298e-04 -1.417554819291289014e-04
-1.036642133618580902e-01 4.894419778833975498e-01 -6.764105629318423185e-04 -1.432263538975186989e-04
-1.043406239247899325e-01 4.892987515295000311e-01 -6.804577905903108626e-04 -1.446972258660195187e-04
-1.050210817153802434e-01 4.891540543036340116e-01 -6.845050182490708401e-04 -1.461680978345203386e-04
-1.057055867336293142e-01 4.890078862057994913e-01 -6.885522459076087731e-04 -1.476389698031321807e-04
-1.063941389795369230e-01 4.888602472359963591e-01 -6.925994735664242619e-04 -1.491098417714664670e-04
-1.070867384531033473e-01 4.887111373942248926e-01 -6.966467012248789281e-04 -1.505807137402448426e-04
-1.077833851543282262e-01 4.885605566804846478e-01 -7.006939288835556390e-04 -1.520515857085236178e-04
-1.084840790832117818e-01 4.884085050947761242e-01 -7.047411565423433721e-04 -1.535224576771354599e-04
-1.091888202397541252e-01 4.882549826370989887e-01 -7.087883842006870161e-04 -1.549933296458583243e-04
-1.098976086239548122e-01 4.880999893074531304e-01 -7.128356118595996493e-04 -1.564642016139705660e-04
-1.106104442358144119e-01 4.879435251058391598e-01 -7.168828395181375823e-04 -1.579350735824158747e-04
-1.113273270753325495e-01 4.877855900322567440e-01 -7.209300671768559265e-04 -1.594059455513052725e-04
-1.120482571425094054e-01 4.876261840867054387e-01 -7.249772948354493707e-04 -1.608768175197505812e-04
-1.127732344373448548e-01 4.874653072691856881e-01 -7.290245224938762814e-04 -1.623476894880293564e-04
-1.135022589598387310e-01 4.873029595796976587e-01 -7.330717501529554481e-04 -1.638185614569742654e-04
-1.142353307099916865e-01 4.871391410182406845e-01 -7.371189778110215363e-04 -1.652894334251975295e-04
-1.149724496878027080e-01 4.869738515848154869e-01 -7.511174429615241621e-04 -1.739450277418730373e-04
-1.157235671307642322e-01 4.867999065570736139e-01 -7.624544990189607852e-04 -1.806791037151089796e-04
-1.164860216297831930e-01 4.866192274533585049e-01 -7.678806411349631267e-04 -1.831455420672756240e-04
-1.172539022709181561e-01 4.864360819112912293e-01 -7.733436372946017601e-04 -1.856385887749611996e-04
-1.180272459082127579e-01 4.862504433225162681e-01 -7.788434874978489297e-04 -1.881582438387763290e-04
-1.188060893957106068e-01 4.860622850786774918e-01 -7.843801917448434136e-04 -1.907045072593316348e-04
-1.195904695874554502e-01 4.858715805714181601e-01 -7.899537500353909225e-04 -1.932773790351838272e-04
-1.203804233374908411e-01 4.856783031923829763e-01 -7.955641623694637010e-04 -1.958768591677206850e-04
-1.211759874998603048e-01 4.854824263332152556e-01 -8.012114287471450158e-04 -1.985029476558319850e-04
-1.219771989286074498e-01 4.852839233855594236e-01 -8.068955491686152781e-04 -2.011556445003503946e-04
-1.227840944777760651e-01 4.850827677410590733e-01 -8.126165236337079545e-04 -2.038349497014424472e-04
-1.235967110014097731e-01 4.848789327913576308e-01 -8.183743521421871225e-04 -2.065408632580534309e-04
-1.244150853535519602e-01 4.846723919280995774e-01 -8.241690346944413603e-04 -2.092733851705164128e-04
-1.252392543882464016e-01 4.844631185429290610e-01 -8.300005712904012789e-04 -2.120325154397195710e-04
-1.260692549595368028e-01 4.842510860274893414e-01 -8.358689619298032003e-04 -2.148182540647192162e-04
-1.269051239214666060e-01 4.840362677734246222e-01 -8.417742066129385581e-04 -2.176306010459039264e-04
-1.277468981280795446e-01 4.838186371723787182e-01 -8.477163053397240855e-04 -2.204695563831626792e-04
-1.285946144334192687e-01 4.835981676159955556e-01 -8.536952581101597826e-04 -2.233351200764399636e-04
-1.294483096915294285e-01 4.833748324959191156e-01 -8.597110649238293156e-04 -2.262272921260688463e-04
-1.303080207564532578e-01 4.831486052037930468e-01 -8.657637257816486187e-04 -2.291460725317162606e-04
-1.311737844822349064e-01 4.829194591312613305e-01 -8.718532406827850245e-04 -2.320914612930491394e-04
-1.320456377229176914e-01 4.826873676699682814e-01 -8.779796096277936446e-04 -2.350634584110666836e-04
-1.329236173325454851e-01 4.824523042115572147e-01 -8.841428326162303897e-04 -2.380620638847141812e-04
-1.338077601651617154e-01 4.822142421476725005e-01 -8.903429096481507710e-04 -2.410872777148798107e-04
-1.346981030748098662e-01 4.819731548699576207e-01 -8.965798407239433665e-04 -2.441390999008974383e-04
-1.355946829155338096e-01 4.817290157700567232e-01 -9.028536258433028650e-04 -2.472175304430446197e-04
-1.364975365413771125e-01 4.814817982396136786e-01 -9.091642650060904884e-04 -2.503225693416544217e-04
-1.374067008063832029e-01 4.812314756702720242e-01 -9.155117582127225706e-04 -2.534542165957831550e-04
-1.383222125645959255e-01 4.809780214536762410e-01 -9.218961054630880891e-04 -2.566124722062634866e-04
-1.392441086700590136e-01 4.807214089814699776e-01 -9.283173067567707104e-04 -2.597973361728733721e-04
-1.401724259768157843e-01 4.804616116452971042e-01 -9.347753620942422792e-04 -2.630088084955573002e-04
-1.411072013389100266e-01 4.801986028368015469e-01 -9.412702714754472844e-04 -2.662468891743152710e-04
-1.420484716103854739e-01 4.799323559476272316e-01 -9.478020348998306144e-04 -2.695115782092027956e-04
-1.429962736452853045e-01 4.796628443694180288e-01 -9.543706523683637144e-04 -2.728028756002753852e-04
-1.439506442976536682e-01 4.793900414938177534e-01 -9.609761238801861616e-04 -2.761207813473109951e-04
-1.449116204215338544e-01 4.791139207124704424e-01 -9.676184494358530674e-04 -2.794652954507537146e-04
-1.458792388709697074e-01 4.788344554170196887e-01 -9.789253143099307941e-04 -2.895266180318878391e-04
-1.468581641852796382e-01 4.785449287989878009e-01 -9.870770131297224026e-04 -2.949998761938021907e-04
-1.478452411984093606e-01 4.782499289227939987e-01 -9.942764817652549603e-04 -2.990698331519214825e-04
-1.488395176801746156e-01 4.779508590896420772e-01 -1.001523846494406511e-03 -3.031823618499518425e-04
-1.498410415266690221e-01 4.776476767277921254e-01 -1.008819107316316632e-03 -3.073374622899471831e-04
-1.508498606339853387e-01 4.773403392655021782e-01 -1.016162264231790235e-03 -3.115351344706307479e-04
-1.518660228982171290e-01 4.770288041310315474e-01 -1.023553317240688543e-03 -3.157753783922800928e-04
-1.528895762154578175e-01 4.767130287526392673e-01 -1.030992266342317665e-03 -3.200581940554503291e-04
-1.539205684818001352e-01 4.763929705585838170e-01 -1.038479111537343735e-03 -3.243835814594753231e-04
-1.549590475933374789e-01 4.760685869771243417e-01 -1.046013852825905532e-03 -3.287515406044660971e-04
-1.560050614461633844e-01 4.757398354365198756e-01 -1.053596490207475700e-03 -3.331620714906446956e-04
-1.570586579363708601e-01 4.754066733650292309e-01 -1.061227023681915460e-03 -3.376151741180111188e-04
-1.581198849600527756e-01 4.750690581909112198e-01 -1.068905453249974213e-03 -3.421108484864543442e-04
-1.591887904133027498e-01 4.747269473424247654e-01 -1.076631778911402160e-03 -3.466490945958078385e-04
-1.602654221922141520e-01 4.743802982478289576e-01 -1.084406000666032766e-03 -3.512299124460716016e-04
-1.613498281928801847e-01 4.740290683353828860e-01 -1.092228118513338675e-03 -3.558533020378007450e-04
-1.624420563113935234e-01 4.736732150333450853e-01 -1.100098132454430111e-03 -3.605192633705511795e-04
-1.635421544438479535e-01 4.733126957699745341e-01 -1.108016042488502162e-03 -3.652277964444894387e-04
-1.646501704863364557e-01 4.729474679735300446e-01 -1.115981848615915650e-03 -3.699789012592269444e-04
-1.657661523349523713e-01 4.725774890722708177e-01 -1.123995550836448531e-03 -3.747725778152077858e-04
-1.668901478857888199e-01 4.722027164944556099e-01 -1.132057149150073050e-03 -3.796088261122654295e-04
-1.680222050349388929e-01 4.718231076683433445e-01 -1.140166643557399828e-03 -3.844876461501778309e-04
-1.691623716784962927e-01 4.714386200221931666e-01 -1.148324034057679466e-03 -3.894090379295001014e-04
-1.703106957125539722e-01 4.710492109842636665e-01 -1.156529320650967474e-03 -3.943730014492885516e-04
-1.714672250332049397e-01 4.706548379828143780e-01 -1.164782503337735697e-03 -3.993795367114860717e-04
-1.726320075365426754e-01 4.702554584461028919e-01 -1.173083582117651069e-03 -4.044286437132060819e-04
-1.738050911186603265e-01 4.698510298023896858e-01 -1.181432556991268701e-03 -4.095203224566690281e-04
-1.749865236756515952e-01 4.694415094799330168e-01 -1.189829427957062036e-03 -4.146545729420414439e-04
-1.761763531036086572e-01 4.690268549069909754e-01 -1.198274195016918453e-03 -4.198313951671028832e-04
-1.773746272986255756e-01 4.686070235118238725e-01 -1.206766858169727730e-03 -4.250507891344068589e-04
-1.785813941567953034e-01 4.681819727226894656e-01 -1.215307417415795177e-03 -4.303127548418439474e-04
-1.797967015742110986e-01 4.677516599678476217e-01 -1.223895872755037528e-03 -4.356172922908019274e-04
-1.810205974469661361e-01 4.673160426755568198e-01 -1.232532224187815606e-03 -4.409644014807811985e-04
-1.822531296711539517e-01 4.668750782740760386e-01 -1.241216471713241232e-03 -4.463540824118927830e-04
-1.834943461428671929e-01 4.664287241916641458e-01 -1.249948615332591162e-03 -4.517863350839701475e-04
-1.847442947581997841e-01 4.659769378565801756e-01 -1.258728655044644151e-03 -4.572611594974018701e-04
-1.860030234132444282e-01 4.655196766970827738e-01 -1.267556590850038578e-03 -4.627785556519659060e-04
-1.872705800040944668e-01 4.650568981414308078e-01 -1.276432422748829953e-03 -4.683385235471626551e-04
-1.885470124268432968e-01 4.645885596178836452e-01 -1.288145074874513796e-03 -4.775619396570340847e-04
-1.898351575017178106e-01 4.641109976782266111e-01 -1.309727969658114333e-03 -4.995803373534224434e-04
-1.911448854713759249e-01 4.636114173408731887e-01 -1.319917099091766355e-03 -5.067865309916763650e-04
-1.924648025704676912e-01 4.631046308098815123e-01 -1.330183499547360482e-03 -5.140734340121078105e-04
-1.937949860700150517e-01 4.625905573758694045e-01 -1.340527171024952224e-03 -5.214410464152718916e-04
-1.951355132410400040e-01 4.620691163294541326e-01 -1.350948113524569338e-03 -5.288893682005024743e-04
-1.964864613545645733e-01 4.615402269612536301e-01 -1.361446327045851001e-03 -5.364183993682436480e-04
-1.978479076816104243e-01 4.610038085618853865e-01 -1.372021811588908236e-03 -5.440281399181068345e-04
-1.992199294931993325e-01 4.604597804219672796e-01 -1.382674567154434930e-03 -5.517185898505361230e-04
-2.006026040603537675e-01 4.599080618321167435e-01 -1.393404593741487396e-03 -5.594897491647543575e-04
-2.019960086540952549e-01 4.593485720829519892e-01 -1.404211891350565233e-03 -5.673416178623713613e-04
-2.034002205454458201e-01 4.587812304650896178e-01 -1.415096459980919041e-03 -5.752741959418328221e-04
-2.048153170054267391e-01 4.582059562691477850e-01 -1.426058299634241910e-03 -5.832874834034162959e-04
-2.062413753050609810e-01 4.576226687857443687e-01 -1.437097410309062795e-03 -5.913814802472883159e-04
-2.076784727153700438e-01 4.570312873054970804e-01 -1.448213792005187406e-03 -5.995561864742815494e-04
-2.091266865073752312e-01 4.564317311190227988e-01 -1.459407444724114544e-03 -6.078116020827861732e-04
-2.105860939520993458e-01 4.558239195169400126e-01 -1.470678368464400920e-03 -6.161477270744120105e-04
-2.120567723205637467e-01 4.552077717898656006e-01 -1.482026563226906957e-03 -6.245645614474382157e-04
-2.135387988837906537e-01 4.545832072284181624e-01 -1.493452029010911009e-03 -6.330621052032525675e-04
-2.150322509128015647e-01 4.539501451232149098e-01 -1.504954765817245743e-03 -6.416403583420215995e-04
-2.165372056786188104e-01 4.533085047648728882e-01 -1.516534773645578094e-03 -6.502993208622465104e-04
-2.180537404522643885e-01 4.526582054440106417e-01 -1.528192052495325193e-03 -6.590389927656481461e-04
-2.195819325047597137e-01 4.519991664512449936e-01 -1.539926602366903374e-03 -6.678593740507277055e-04
-2.211218591071266171e-01 4.513313070771942659e-01 -1.551738423261145305e-03 -6.767604647182623445e-04
-2.226735975303877624e-01 4.506545466124760035e-01 -1.563627515176579941e-03 -6.857422647686961525e-04
-2.242372250455643423e-01 4.499688043477073074e-01 -1.575593878114373014e-03 -6.948047742010854400e-04
-2.258128189236787153e-01 4.492739995735062219e-01 -1.587637512073858392e-03 -7.039479930153746956e-04
-2.274004564357525737e-01 4.485700515804908473e-01 -1.599758417055119342e-03 -7.131719212131737429e-04
-2.290002148528076931e-01 4.478568796592776735e-01 -1.611956593058627707e-03 -7.224765587919290688e-04
-2.306121714458663208e-01 4.471344031004857444e-01 -1.624232040083717354e-03 -7.318619057545272533e-04
-2.322364034859500381e-01 4.464025411947312172e-01 -1.636584758130943396e-03 -7.413279620984702944e-04
-2.338729882440809815e-01 4.456612132326327469e-01 -1.649014747200000519e-03 -7.508747278247018819e-04
-2.355220029912809820e-01 4.449103385048080450e-01 -1.661522007290999747e-03 -7.605022029335550826e-04
-2.371835249985719818e-01 4.441498363018744899e-01 -1.674106538403968836e-03 -7.702103874254184745e-04
-2.388576315369759506e-01 4.433796259144490715e-01 -1.686768340538657984e-03 -7.799992812985157009e-04
-2.405443998775146086e-01 4.425996266331505558e-01 -1.699507413695483526e-03 -7.898688845545676074e-04
-2.422439072912100921e-01 4.418097577485959881e-01 -1.712323757873612795e-03 -7.998191971931301048e-04
-2.439562310490837049e-01 4.410099385514028580e-01 -1.725217373074738880e-03 -8.098502192137035927e-04
-2.456814484221584438e-01 4.402000883321891544e-01 -1.738188259296946647e-03 -8.199619506165101157e-04
-2.474196366814553905e-01 4.393801263815726443e-01 -1.753020286600404098e-03 -8.355183787996933731e-04
-2.491726569680557946e-01 4.385446080027729510e-01 -1.768123217283368298e-03 -8.517377569356443523e-04
-2.509407801853391629e-01 4.376928702458373066e-01 -1.782129541083365964e-03 -8.645080658962744913e-04
-2.527229097264225288e-01 4.368283621799410321e-01 -1.796270412994682708e-03 -8.775313129204542761e-04
-2.545191801394172115e-01 4.359508308670205778e-01 -1.810545833017540573e-03 -8.908074980052971270e-04
-2.563297259724347521e-01 4.350600233690152807e-01 -1.824955801151495471e-03 -9.043366211536896238e-04
-2.581546817735862476e-01 4.341556867478615911e-01 -1.839500317396436380e-03 -9.181186823637998984e-04
-2.599941820909826840e-01 4.332375680654977912e-01 -1.854179381753418010e-03 -9.321536816368491962e-04
-2.618483614727361020e-01 4.323054143838609420e-01 -1.868992994220997073e-03 -9.464416189720048500e-04
-2.637173544669570990e-01 4.313589727648889371e-01 -1.883941154800339302e-03 -9.609824943687672594e-04
-2.656012956217574383e-01 4.303979902705201699e-01 -1.899023863490612030e-03 -9.757763078290238035e-04
-2.675003194852480504e-01 4.294222139626911461e-01 -1.914241120292148324e-03 -9.908230593512201700e-04
-2.694145606055401987e-01 4.284313909033399259e-01 -1.929578382059371489e-03 -1.005785251509294653e-03
-2.713441389875995702e-01 4.274256056518306313e-01 -1.944904459163121491e-03 -1.017618415019960754e-03
-2.732890434467626917e-01 4.264079872368106705e-01 -1.960485476088014156e-03 -1.032498402575243723e-03
-2.752495289228507058e-01 4.253754888342354268e-01 -1.976198100335446739e-03 -1.047563082380575938e-03
-2.772257270231861526e-01 4.243279257518548508e-01 -1.992042331904420038e-03 -1.062812454436234955e-03
-2.792177693550905726e-01 4.232651132974186159e-01 -2.008018170795267121e-03 -1.078246518743053439e-03
-2.812257875258858397e-01 4.221868667786755625e-01 -2.024125617008654121e-03 -1.093865275299699125e-03
-2.832499131428944938e-01 4.210930015033758633e-01 -2.040364670543359793e-03 -1.109668724107282234e-03
-2.852902778134378536e-01 4.199833327792685811e-01 -2.056735331400827427e-03 -1.125656865164914588e-03
-2.873470131448386811e-01 4.188576759141036665e-01 -2.073237599579891288e-03 -1.141829698473484367e-03
-2.894202507444185724e-01 4.177158462156301821e-01 -2.089871475080773422e-03 -1.158187224032602991e-03
-2.915101222194993458e-01 4.165576589915975791e-01 -2.106636957903917917e-03 -1.174729441841659838e-03
-2.936167591774032637e-01 4.153829295497559193e-01 -2.123534048049269263e-03 -1.191456351901765132e-03
-2.957402932254525330e-01 4.141914731978541542e-01 -2.138531448270974966e-03 -1.207698341858853830e-03
-2.978788246737235079e-01 4.129837748559953003e-01 -2.153854860001414018e-03 -1.224189108948559035e-03
-3.000326795337249219e-01 4.117595857470467413e-01 -2.170327374559133382e-03 -1.241199983286311870e-03
-3.022030069082840553e-01 4.105183857637604294e-01 -2.186873359896535085e-03 -1.258376385300186140e-03
-3.043898802681805904e-01 4.092600093784602433e-01 -2.203492816013952194e-03 -1.275718314990015312e-03
-3.065933730841945426e-01 4.079842910634702280e-01 -2.220185742910385507e-03 -1.293225772356132453e-03
-3.088135588271049281e-01 4.066910652911140955e-01 -2.236952140587056270e-03 -1.310898757398648584e-03
-3.110505109676919844e-01 4.053801665337154470e-01 -2.253792009043464883e-03 -1.328737270117563707e-03
-3.133043029767354493e-01 4.040514292635978832e-01 -2.270705348278834190e-03 -1.346741310512378220e-03
-3.155750083250142835e-01 4.027046879530855050e-01 -2.287692158294551970e-03 -1.364910878583480702e-03
-3.178627004833088354e-01 4.013397770745020243e-01 -2.304752439089507998e-03 -1.383245974331093198e-03
-3.201674529223983434e-01 3.999565311001709311e-01 -2.321886190664590455e-03 -1.401746597754438550e-03
-3.224893391130629339e-01 3.985547845024164926e-01 -2.338337329069239967e-03 -1.420197910355802673e-03
-3.248276764421321738e-01 3.971345865920606899e-01 -2.350920269162226628e-03 -1.437694739727712889e-03
-3.271785967112944005e-01 3.956968918523329770e-01 -2.367041652019896691e-03 -1.456341655936277402e-03
-3.295456383633142972e-01 3.942405501963966996e-01 -2.383146035010885733e-03 -1.475128392916857933e-03
-3.319287843983251829e-01 3.927654218034798417e-01 -2.399233418135915397e-03 -1.494054950668788351e-03
-3.343280178164610983e-01 3.912713668528110533e-01 -2.415303801393209326e-03 -1.513121329192845810e-03
-3.367433216178543076e-01 3.897582455236182075e-01 -2.431357184784599390e-03 -1.532327528488808266e-03
-3.391746788026389070e-01 3.882259179951293993e-01 -2.447393568309530476e-03 -1.551673548556231630e-03
-3.416220723709484375e-01 3.866742444465731676e-01 -2.463412951967614006e-03 -1.571159389396170614e-03
-3.440854853229160515e-01 3.851030850571769970e-01 -2.479415335759127537e-03 -1.590785051007237438e-03
-3.465649006586751790e-01 3.835123000061697596e-01 -2.495400719684237600e-03 -1.610550533390653349e-03
-3.490603013783594166e-01 3.819017494727791062e-01 -2.511369103742833175e-03 -1.630455836545696702e-03
-3.515716704821022498e-01 3.802712936362334095e-01 -2.527320487934692217e-03 -1.650500960472756073e-03
-3.540989909700369420e-01 3.786207926757606534e-01 -2.533104009576125915e-03 -1.663677676478791945e-03
-3.566320949796130679e-01 3.769571149992818615e-01 -2.542351950441779085e-03 -1.679397810066540764e-03
-3.591744469300548470e-01 3.752777171892153207e-01 -2.555628519344821381e-03 -1.698050895063862864e-03
-3.617300754493996684e-01 3.735796662941514579e-01 -2.568750646124495773e-03 -1.716748909708354365e-03
-3.642988260955241642e-01 3.718629173844431035e-01 -2.581718330779747550e-03 -1.735491854000514866e-03
-3.668805444263039117e-01 3.701274255304425886e-01 -2.594531573311242845e-03 -1.754279727940621925e-03
-3.694750759996151546e-01 3.683731458025019667e-01 -2.607190373718815124e-03 -1.773112531527953895e-03
-3.720822663733339697e-01 3.666000332709740128e-01 -2.619694732002297854e-03 -1.791990264763287932e-03
-3.747019611053362675e-01 3.648080430062107249e-01 -2.632044648162301659e-03 -1.810912927646179948e-03
-3.773340057534985692e-01 3.629971300785645449e-01 -2.644240122197549780e-03 -1.829880520176907499e-03
-3.799782458756961190e-01 3.611672495583876374e-01 -2.656281154109429998e-03 -1.848893042354859961e-03
-3.826345270298055490e-01 3.593183565160327775e-01 -2.668167743897720268e-03 -1.867950494180647958e-03
-3.853026947737032692e-01 3.574504060218521295e-01 -2.679899891561476899e-03 -1.887052875654271489e-03
-3.879825946652647461e-01 3.555633531461978580e-01 -2.691477597101310515e-03 -1.906200186775452998e-03
-3.906740722623660567e-01 3.536571529594224050e-01 -2.702900860517498671e-03 -1.925392427544081464e-03
-3.933769731228835553e-01 3.517317605318783236e-01 -2.714169681809319723e-03 -1.944629597960656486e-03
-3.960911428046928751e-01 3.497871309339176671e-01 -2.725284060977828382e-03 -1.963911698024789487e-03
-3.988164268656707034e-01 3.478232192358928776e-01 -2.735075550652332765e-03 -1.982300981683837726e-03
-4.015515024163230362e-01 3.458409182542090399e-01 -2.739339567245979712e-03 -1.996423029376082070e-03
-4.042908419835690159e-01 3.438444952248329578e-01 -2.742764293989896629e-03 -2.010189728773259521e-03
-4.070336062775589125e-01 3.418343054960596983e-01 -2.747870240296157451e-03 -2.026948301878439551e-03
-4.097814765178550700e-01 3.398073571941812587e-01 -2.753214076483490036e-03 -2.042429905561471415e-03
-4.125346905943385600e-01 3.377649272886197873e-01 -2.754173133785342564e-03 -2.054219672672608077e-03
-4.152888637281239026e-01 3.357107076159471792e-01 -2.754836095197776835e-03 -2.065519400474280509e-03
-4.180436998233216794e-01 3.336451882154728987e-01 -2.757031256153785748e-03 -2.077604084747219915e-03
-4.208007310794754652e-01 3.315675841307256788e-01 -2.759226417109961194e-03 -2.089688769020103809e-03
-4.235599574965854264e-01 3.294778953617055750e-01 -2.761421578065637039e-03 -2.101773453292987703e-03
-4.263213790746510634e-01 3.273761219084125873e-01 -2.758813870773813015e-03 -2.111084384857686569e-03
-4.290801929454248764e-01 3.252650375235549007e-01 -2.752897365795314855e-03 -2.118484419419086606e-03
-4.318330903112201913e-01 3.231465531041358141e-01 -2.751450326146265279e-03 -2.128465659818612465e-03
-4.345845406373664566e-01 3.210180874443172017e-01 -2.750003286496160992e-03 -2.138446900217194635e-03
-4.373345439238626176e-01 3.188796405441000070e-01 -2.748556246846778350e-03 -2.148428140616276405e-03
-4.400831001707093959e-01 3.167312124034837306e-01 -2.744295378462158208e-03 -2.156213175560139916e-03
-4.428273955491715541e-01 3.145749992279235907e-01 -2.733295045361516795e-03 -2.158738029246765056e-03
-4.455606905945330709e-01 3.124162611986768257e-01 -2.725890981602974161e-03 -2.164069786654343464e-03
-4.482865815761360451e-01 3.102521914120224822e-01 -2.717566070202903639e-03 -2.168682818508960164e-03
-4.510041476463389487e-01 3.080835085935135220e-01 -2.708320311160694605e-03 -2.172577124810726179e-03
-4.537124679574996433e-01 3.059109314687027958e-01 -2.697858587864143676e-03 -2.175097268601600131e-03
-4.564103265453637870e-01 3.037358342001011957e-01 -2.684959768460670748e-03 -2.173531186556609818e-03
-4.590952863138244577e-01 3.015623030135445859e-01 -2.672429020417144141e-03 -2.174108993630741171e-03
-4.617677153342416019e-01 2.993881940199138447e-01 -2.658935453944633043e-03 -2.173874860456781466e-03
-4.644266507881862349e-01 2.972143191594570633e-01 -2.644479069042304786e-03 -2.172828787033120879e-03
-4.670711298572285397e-01 2.950414903724239424e-01 -2.629059865710658972e-03 -2.170970773359925943e-03
-4.697001897229391987e-01 2.928705195990640164e-01 -2.612677843949418044e-03 -2.168300819437862792e-03
-4.723128675668886167e-01 2.907022187796261536e-01 -2.595333003758915069e-03 -2.164818925266653871e-03
-4.749082005706475318e-01 2.885373998543594998e-01 -2.577025345138816981e-03 -2.160525090845633045e-03
-4.774852259157863488e-01 2.863768747635138667e-01 -2.557754868089678890e-03 -2.155419316176132583e-03
-4.800429807838760277e-01 2.842214554473377341e-01 -2.537521572610390574e-03 -2.149501601256986749e-03
-4.825805023564864182e-01 2.820719538460807474e-01 -2.516325458702284301e-03 -2.142771946088306567e-03
-4.850968278151887025e-01 2.799291818999924408e-01 -2.493126244328514041e-03 -2.128143158793949219e-03
-4.875899540595172166e-01 2.778010387411984916e-01 -2.469571799253778011e-03 -2.116841780640865700e-03
-4.900595258587709946e-01 2.756841969605576259e-01 -2.445158507159039818e-03 -2.105436794506421183e-03
-4.925046843659300344e-01 2.735787601660512047e-01 -2.419757421693535804e-03 -2.093049719835426981e-03
-4.949244417876235702e-01 2.714857104462157777e-01 -2.393368542855933701e-03 -2.079680556628160648e-03
-4.973178103304795039e-01 2.694060298895876171e-01 -2.365991870647454753e-03 -2.065329304883900541e-03
-4.996838022011269587e-01 2.673407005847037166e-01 -2.337627405067044251e-03 -2.049995964603645859e-03
-5.020214296061940029e-01 2.652907046201000707e-01 -2.308275146114646681e-03 -2.033680535786897003e-03
-5.043297047523086496e-01 2.632570240843131737e-01 -2.277935093791705334e-03 -2.016383018433265395e-03
-5.066076398461003549e-01 2.612406410658799083e-01 -2.246607248096665899e-03 -1.998103412543694724e-03
-5.088542470941970208e-01 2.592425376533362136e-01 -2.214291609030083485e-03 -1.978841718116963744e-03
-5.110685387032271043e-01 2.572636959352192498e-01 -2.186411647455810403e-03 -1.959173017438864406e-03
-5.132549503506829147e-01 2.553045229177803854e-01 -2.157793084439973974e-03 -1.938548651500116016e-03
-5.154127434351228887e-01 2.533659742662802694e-01 -2.125093046551063125e-03 -1.916614155909934780e-03
-5.175378364816739518e-01 2.514493601103703346e-01 -2.091605503254712062e-03 -1.893718809485966936e-03
-5.196294419849286639e-01 2.495556413008843677e-01 -2.057330454548478293e-03 -1.869862612227130017e-03
-5.216867724394771422e-01 2.476857786886572377e-01 -2.022267900435026355e-03 -1.845045564134784044e-03
-5.237090403399121685e-01 2.458407331245224536e-01 -1.986417840912135802e-03 -1.819267665207430218e-03
-5.256954581808243043e-01 2.440214654593150234e-01 -1.949780275980805833e-03 -1.792528915446678361e-03
-5.276452384568051102e-01 2.422289365438683451e-01 -1.912355205641036449e-03 -1.764829314851279474e-03
-5.295575936624461466e-01 2.404641072290170656e-01 -1.874142629892716627e-03 -1.736168863421400088e-03
-5.314317362923388632e-01 2.387279383655956655e-01 -1.835142548735735346e-03 -1.706547561157567561e-03
-5.332668788410745986e-01 2.370213908044380979e-01 -1.800832853685374602e-03 -1.680035001936974748e-03
-5.350677116947599732e-01 2.353413558025011232e-01 -1.775883064781713649e-03 -1.660100230392896892e-03
-5.368435947595416868e-01 2.336812555721082263e-01 -1.739639453432473282e-03 -1.631399334147770608e-03
-5.385832342129741601e-01 2.320498562379604557e-01 -1.703014907906696962e-03 -1.602039633904317473e-03
-5.402862491208808571e-01 2.304478166040561382e-01 -1.666009428205272869e-03 -1.572021129662676264e-03
-5.419522585490861299e-01 2.288757954743934619e-01 -1.628623014328089980e-03 -1.541343821422319627e-03
-5.435808815634142199e-01 2.273344516529711423e-01 -1.590855666275259317e-03 -1.510007709184052471e-03
-5.451717372296894792e-01 2.258244439437870899e-01 -1.552707384046891903e-03 -1.478012792947319687e-03
-5.467244446137363711e-01 2.243464311508397702e-01 -1.514178167642432626e-03 -1.445359072712260051e-03
-5.482386227813788038e-01 2.229010720781275101e-01 -1.475268017062325576e-03 -1.412046548479262142e-03
-5.497138907984411293e-01 2.214890255296482480e-01 -1.435976932306348708e-03 -1.378075220247354515e-03
-5.511498677307474781e-01 2.201109503094008935e-01 -1.396690186514226717e-03 -1.343828548315995075e-03
-5.525465579172617048e-01 2.187671217610848984e-01 -1.379125910639267261e-03 -1.330922472481149699e-03
-5.539256838279009720e-01 2.174361992886037487e-01 -1.344388566330123602e-03 -1.300644471064371643e-03
-5.552700723942310956e-01 2.161355548175393770e-01 -1.309724969961401086e-03 -1.270160208334092378e-03
-5.565797973641924967e-01 2.148653946092052847e-01 -1.275135121534431981e-03 -1.239469684288452278e-03
-5.578549324857269287e-01 2.136259249249168324e-01 -1.240619021049438331e-03 -1.208572898929366479e-03
-5.590955515067763670e-01 2.124173520259874659e-01 -1.206176668505642979e-03 -1.177469852255697003e-03
-5.603017281752820100e-01 2.112398821737317689e-01 -1.171808063903045927e-03 -1.146160544267471604e-03
-5.614735362391850559e-01 2.100937216294642973e-01 -1.137513207242535351e-03 -1.114644974965217639e-03
-5.626110494464275913e-01 2.089790766544990797e-01 -1.103292098523445119e-03 -1.082923144348491018e-03
-5.637143415449510364e-01 2.078961535101505886e-01 -1.069144737745886253e-03 -1.050995052417236231e-03
-5.647834862826969227e-01 2.068451584577333524e-01 -1.035071124909414664e-03 -1.018860699172147166e-03
-5.658185574076063373e-01 2.058262977585612052e-01 -1.007243565512849770e-03 -9.937247088215028779e-04
-5.668258009731191871e-01 2.048325730497397024e-01 -9.824416222642406993e-04 -9.718280256159339547e-04
-5.678082425953834278e-01 2.038607450241237684e-01 -9.531942504460433341e-04 -9.444500718605031153e-04
-5.687614368458294711e-01 2.029162949522632653e-01 -9.244802386551009832e-04 -9.174023390458863059e-04
-5.696859170844845721e-01 2.019988926132173790e-01 -8.962995868934120480e-04 -8.906848271714451482e-04
-5.705822166713779842e-01 2.011082077860459338e-01 -8.686522951621977739e-04 -8.642975362381788429e-04
-5.714508689665401819e-01 2.002439102498077550e-01 -8.415383634583495365e-04 -8.382404662452824784e-04
-5.722924073299985315e-01 1.994056697835624725e-01 -8.149577917838657370e-04 -8.125136171928393214e-04
-5.731073651217823972e-01 1.985931561663696332e-01 -7.889105801389684203e-04 -7.871169890817375503e-04
