9.999999999999993269e-03 -1.551029956660529737e-17 5.739809784807009541e-04 5.730493074408878571e-06
1.057398097848069422e-02 5.730493074393368550e-06 6.132098387898101549e-04 6.991080994145202785e-06
1.118719081727050438e-02 1.272157406853857134e-05 6.603409416488150580e-04 8.707316319698136473e-06
1.184753175891931944e-02 2.142889038823670781e-05 8.032368535719845021e-04 1.578039313934031447e-05
1.265076861249130394e-02 3.720928352757702228e-05 8.301315721860394459e-04 1.711163073903916977e-05
1.348090018467734338e-02 5.432091426661619205e-05 8.301315721860220986e-04 1.711163073903031320e-05
1.431103175686336548e-02 7.143254500564650525e-05 8.466903820097803485e-04 1.822542488096761705e-05
1.515772213887314583e-02 8.965796988661412230e-05 9.845314760839034979e-04 2.749702137410617742e-05
1.614225361495704933e-02 1.171549912607202997e-04 1.046531430314887740e-03 3.166732023951142946e-05
1.718878504527193707e-02 1.488223115002317292e-04 1.108531384545866777e-03 3.583761910489036248e-05
1.829731642981780385e-02 1.846599306051220917e-04 1.185957890979538049e-03 4.456674109919907798e-05
1.948327432079734189e-02 2.292266717043211696e-04 1.274697310054265231e-03 5.663903187971860271e-05
2.075797163085160713e-02 2.858657035840397724e-04 1.346197769956352513e-03 6.361690073355388744e-05
2.210416940080795964e-02 3.494826043175936598e-04 1.417698229858450204e-03 7.059476958742524899e-05
2.352186763066640984e-02 4.200773739050189088e-04 1.489198689760558303e-03 7.757263844129124375e-05
2.501106632042696815e-02 4.976500123463101525e-04 1.560699149662638646e-03 8.455050729513859022e-05
2.657176547008960679e-02 5.822005196414487427e-04 1.632199609564764092e-03 9.152837614900377183e-05
2.820396507965437088e-02 6.737288957904525146e-04 1.763535718393063889e-03 1.149315829252577342e-04
2.996750079804743477e-02 7.886604787157102487e-04 1.940059654051959348e-03 1.507391897371884119e-04
3.190756045209939412e-02 9.393996684528986606e-04 2.048735032239790144e-03 1.679218546622439920e-04
3.395629548433918427e-02 1.107321523115142653e-03 2.157410410427697267e-03 1.851045195873518307e-04
3.611370589476688153e-02 1.292426042702494483e-03 2.266085788615521124e-03 2.022871845124361422e-04
3.837979168338240266e-02 1.494713227214930626e-03 2.374761166803379675e-03 2.194698494375174180e-04
4.075455285018578233e-02 1.714183076652448044e-03 2.483436544991293737e-03 2.366525143626290514e-04
4.323798939517707607e-02 1.950835591015077095e-03 2.652880068175711425e-03 2.803547946196598053e-04
4.589086946335278749e-02 2.231190385634736900e-03 2.885466686538794290e-03 3.516131339780302449e-04
4.877633614989158178e-02 2.582803519612767145e-03 3.060890977502707389e-03 3.979254603523217290e-04
5.183722712739428917e-02 2.980728979965088874e-03 3.244230580592435964e-03 4.476920806304354565e-04
5.508145770798672514e-02 3.428421060595524331e-03 3.435485495807910628e-03 5.009129948123670906e-04
5.851694320379463576e-02 3.929334055407891421e-03 3.634655723149318729e-03 5.575882028981500246e-04
6.215159892694395449e-02 4.486922258306041446e-03 3.841741262616563124e-03 6.177177048878280605e-04
6.599334018956051762e-02 5.104639963193869506e-03 4.072038637058683630e-03 7.209922307576787509e-04
7.006537882661920125e-02 5.825632193951548257e-03 4.323725127721625427e-03 8.626822718076458674e-04
7.438910395434082667e-02 6.688314465759194125e-03 4.566883564450244237e-03 9.651600995670773023e-04
7.895598751879107091e-02 7.653474565326271427e-03 4.819093812828093015e-03 1.074041159112721668e-03
8.377508133161916393e-02 8.727515724438993094e-03 5.080355872855171762e-03 1.189325450444644883e-03
8.885543720447433569e-02 9.916841174883637977e-03 5.350669744531286187e-03 1.311012973562706435e-03
9.420610694900562188e-02 1.122785414844634441e-02 5.630035427856699970e-03 1.439103728467000867e-03
9.983614237686232185e-02 1.266695787691334528e-02 5.918452922830913510e-03 1.573597715157500423e-03
1.057545952996932354e-01 1.424055559207084570e-02 6.215922229454676207e-03 1.714494933634257146e-03
1.119705175291479116e-01 1.595505052570510285e-02 6.522421420247420665e-03 1.862461852680810659e-03
1.184929389493953322e-01 1.781751237838591351e-02 6.832607760270642538e-03 2.179886765216704908e-03
1.253255467096659748e-01 1.999739914360261842e-02 7.155172722611374825e-03 2.402599074391775780e-03
1.324807194322773496e-01 2.239999821799439420e-02 7.486543493896935519e-03 2.639191677130538205e-03
1.399672629261742851e-01 2.503918989512493240e-02 7.826720074127380133e-03 2.889664573432905448e-03
1.477939830003016652e-01 2.792885446855783785e-02 8.175702463302736422e-03 3.154017763299040572e-03
1.559696854636044017e-01 3.108287223185687842e-02 8.533490661423059898e-03 3.432251246728794392e-03
1.645031761250274616e-01 3.451512347858567281e-02 8.900084668488295048e-03 3.724365023722350787e-03
1.734032607935157566e-01 3.823948850230802360e-02 9.213472357438495797e-03 4.054131783815667633e-03
1.826167331509542524e-01 4.229362028612369123e-02 9.509858153532169123e-03 4.407672361717900056e-03
1.921265913044864215e-01 4.670129264784159129e-02 9.827742637802533432e-03 4.770227348209435392e-03
2.019543339422889550e-01 5.147151999605102668e-02 1.014188365594009822e-02 5.151473461797693998e-03
2.120962175982290532e-01 5.662299345784872068e-02 1.041328097157689925e-02 5.525276398882963957e-03
2.225094985698059524e-01 6.214826985673168463e-02 1.056175812382387225e-02 5.837909408923709631e-03
2.330712566936298247e-01 6.798617926565539427e-02 1.075442627810674345e-02 6.201354734563069293e-03
2.438256829717365681e-01 7.418753400021846356e-02 1.092379349688726853e-02 6.570385604109413302e-03
2.547494764686238367e-01 8.075791960432787686e-02 1.106985978016533645e-02 6.945002017562526553e-03
2.658193362487891731e-01 8.770292162189040341e-02 1.103517451210406231e-02 7.104566599624065337e-03
2.768545107608932354e-01 9.480748822151446875e-02 1.102242752597221154e-02 7.333110966013453580e-03
2.878769382868654469e-01 1.021405991875279223e-01 1.097423828971666460e-02 7.550227111221274878e-03
2.988511765765821115e-01 1.096908262987491972e-01 1.088296920974191062e-02 7.745212386703934082e-03
3.097341457863240222e-01 1.174360386854531313e-01 1.072042283893592796e-02 7.826831301125852791e-03
3.204545686252599501e-01 1.252628699865789841e-01 1.048897443693830311e-02 7.802769230378037157e-03
3.309435430621982532e-01 1.330656392169570212e-01 1.021577367250553481e-02 7.760871480412379064e-03
3.411593167347037880e-01 1.408265106973694003e-01 9.911327859754126557e-03 7.650192045552201003e-03
3.510706445944579146e-01 1.484767027429216013e-01 9.597305735080219335e-03 7.460537086716234612e-03
3.606679503295381339e-01 1.559372398296378359e-01 9.223287173728000887e-03 7.215626244441442072e-03
3.698912375032661348e-01 1.631528660740792780e-01 8.831913387763123957e-03 6.922607462810731471e-03
3.787231508910292588e-01 1.700754735368900095e-01 8.499997756442889685e-03 6.634788806219316104e-03
3.872231486474721485e-01 1.767102623431093256e-01 8.110962638163077276e-03 6.271266030045241635e-03
3.953341112856352257e-01 1.829815283731545672e-01 7.710326681935386617e-03 5.866181862121788715e-03
4.030444379675706124e-01 1.888477102352763559e-01 7.376217070632296036e-03 5.514538123490425603e-03
4.104206550382029084e-01 1.943622483587667815e-01 7.034352558841994174e-03 5.126009612039877927e-03
4.174550075970449026e-01 1.994882579708066594e-01 6.716719017113237378e-03 4.739490805185125888e-03
4.241717266141581399e-01 2.042277487759917853e-01 6.398023390431495372e-03 4.346100853298340283e-03
4.305697500045896353e-01 2.085738496292901256e-01 6.100251232945330671e-03 3.961840881415740201e-03
4.366700012375349660e-01 2.125356905107058658e-01 5.819227902372992034e-03 3.587981771448589541e-03
4.424892291399079580e-01 2.161236722821544554e-01 5.548324730137776939e-03 3.223462309863422970e-03
4.480375538700457350e-01 2.193471345920178783e-01 5.294563347278624654e-03 2.877952231590097387e-03
4.533321172173243596e-01 2.222250868236079757e-01 5.053422029252907510e-03 2.542015249527712628e-03
4.583855392465772671e-01 2.247671020731356883e-01 4.826134134104709261e-03 2.224964029783949027e-03
4.632116733806819764e-01 2.269920661029196374e-01 4.612141664683655495e-03 1.925869659287204883e-03
4.678238150453656319e-01 2.289179357622068423e-01 4.410593245797456152e-03 1.640215963697566615e-03
4.722344082911630880e-01 2.305581517259044089e-01 4.221601906343630528e-03 1.374941539748902875e-03
4.764560101975067186e-01 2.319330932656533117e-01 4.043517595306633794e-03 1.124843986329171486e-03
4.804995277928133524e-01 2.330579372519824832e-01 3.876460034324513693e-03 8.926010833343600570e-04
4.843759878271378660e-01 2.339505383353168433e-01 3.719267021885852564e-03 6.765353931455775349e-04
4.880952548490237186e-01 2.346270737284624208e-01 3.570533166073919240e-03 4.741759103711329359e-04
4.916657880150976379e-01 2.351012496388335538e-01 3.431271238355737552e-03 2.905765430306905817e-04
4.950970592534533754e-01 2.353918261818642443e-01 3.300223485944553392e-03 1.237667542973164281e-04
4.983972827393979288e-01 2.355155929361615608e-01 3.176749279555635130e-03 -2.735301626863306801e-05
5.015740320189535639e-01 2.354882399198929277e-01 3.059961296891122728e-03 -1.720219120176225136e-04
5.046339933158446867e-01 2.353162180078753052e-01 2.949618740472503831e-03 -2.981471289688897297e-04
5.075836120563171905e-01 2.350180708789064155e-01 2.844968034313555272e-03 -4.105548796998204075e-04
5.104285800906307458e-01 2.346075159992065950e-01 2.745390938257985525e-03 -5.096060001745783552e-04
5.131739710288887313e-01 2.340979099990320167e-01 2.652826946344388759e-03 -6.034017511631351027e-04
5.158267979752331200e-01 2.334945082478688816e-01 2.564103356821667568e-03 -6.845724476273185033e-04
5.183909013320547876e-01 2.328099358002415631e-01 2.479211113323831484e-03 -7.553224874404240730e-04
5.208701124453786191e-01 2.320546133128011390e-01 2.397832523646004077e-03 -8.169222494017192027e-04
5.232679449690246232e-01 2.312376910633994198e-01 2.321598166881821967e-03 -8.711981085463282870e-04
5.255895431359064451e-01 2.303664929548530915e-01 2.249199494272269284e-03 -9.184002070380392624e-04
5.278387426301787144e-01 2.294480927478150523e-01 2.179017371884417464e-03 -9.586121224701149579e-04
5.300177600020631319e-01 2.284894806253449373e-01 2.111411395266493685e-03 -9.929786106552263014e-04
5.321291713973296256e-01 2.274965020146897110e-01 2.046849465728861617e-03 -1.021330149435673018e-03
5.341760208630584872e-01 2.264751718652540380e-01 1.985783788796990912e-03 -1.043514122779004571e-03
5.361618046518554781e-01 2.254316577424750334e-01 1.926027580892553104e-03 -1.062220402683139442e-03
5.380878322327480312e-01 2.243694373397918940e-01 1.868069860891052869e-03 -1.077256720999092421e-03
5.399559020936390841e-01 2.232921806187928015e-01 1.812202290654374437e-03 -1.088132257271806624e-03
5.417681043842934585e-01 2.222040483615209949e-01 1.761063918990446453e-03 -1.089771037457859526e-03
5.435291683032839050e-01 2.211142773240631354e-01 1.709281832556697189e-03 -1.092746862273591413e-03
5.452384501358406022e-01 2.200215304617895440e-01 1.658717047082536311e-03 -1.093503490575464809e-03
5.468971671829231385e-01 2.189280269712140792e-01 1.609130695055749349e-03 -1.092586385534471960e-03
5.485062978779788878e-01 2.178354405856796072e-01 1.560283908964232857e-03 -1.090541010320994486e-03
5.500665817869431207e-01 2.167448995753586127e-01 1.511937821297104634e-03 -1.087912828105080942e-03
5.515785196082402253e-01 2.156569867472535318e-01 1.470458960828535666e-03 -1.072677071408345562e-03
5.530489785690687610e-01 2.145843096758451862e-01 1.427196234087602100e-03 -1.061387875098795952e-03
5.544761748031563631e-01 2.135229218007463903e-01 1.384128792075833836e-03 -1.050369758884922566e-03
5.558603035952321969e-01 2.124725520418614677e-01 1.341708757220727577e-03 -1.038853215185014944e-03
5.572020123524529245e-01 2.114336988266764528e-01 1.299790599744166109e-03 -1.027206083181242402e-03
5.585018029521970906e-01 2.104064927434952104e-01 1.258228789867588127e-03 -1.015796202055302411e-03
5.597600317420646787e-01 2.093906965414399080e-01 1.221046322971042208e-03 -9.973237619471109205e-04
5.609810780650357209e-01 2.083933727794927970e-01 1.185586160693086200e-03 -9.767763094041259642e-04
5.621666642257288071e-01 2.074165964700886711e-01 1.149068697324784338e-03 -9.593668432354429676e-04
5.633157329230535915e-01 2.064572296268532281e-01 1.113385923048881843e-03 -9.417153571861791583e-04
5.644291188461024733e-01 2.055155142696670489e-01 1.078484269460999734e-03 -9.240205352793462446e-04
5.655076031155634730e-01 2.045914937343877027e-01 1.044310168156981078e-03 -9.064810615371510227e-04
5.665519132837204541e-01 2.036850126728505517e-01 1.011143348269682996e-03 -8.884143364886742944e-04
5.675630566319901371e-01 2.027965983363618774e-01 9.797468613254034508e-04 -8.678597912874230769e-04
5.685428034933155406e-01 2.019287385450744543e-01 9.491475857251741033e-04 -8.474475322084173978e-04
5.694919510790407147e-01 2.010812910128660369e-01 9.196249442411374986e-04 -8.264511820089415206e-04
5.704115760232818522e-01 2.002548398308570954e-01 8.904967789584716797e-04 -8.064683619384560576e-04
5.713020728022403238e-01 1.994483714689186393e-01 8.625487982473201143e-04 -7.857419544200494599e-04
5.721646216004876440e-01 1.986626295144985899e-01 8.354779124903899401e-04 -7.649737941635703642e-04
5.730000995129780339e-01 1.978976557203350195e-01 8.087572892803152058e-04 -7.446820563290490469e-04
5.738088568022583491e-01 1.971529736640059705e-01 7.828376792827773656e-04 -7.245478854271125702e-04
5.745916944815411265e-01 1.964284257785788579e-01 7.574975413136009195e-04 -7.048280587715616274e-04
5.753491920228547274e-01 1.957235977198072963e-01 7.329451838521405804e-04 -6.850570019671098354e-04
5.760821372067068680e-01 1.950385407178401864e-01 7.089149599899258192e-04 -6.657981323778261462e-04
5.767910521666967938e-01 1.943727425854623603e-01 6.854096365738193697e-04 -6.470321215028274064e-04
5.774764618032706132e-01 1.937257104639595329e-01 6.627274690410578373e-04 -6.284594937469023535e-04
5.781391892723116710e-01 1.930972509702126305e-01 6.407023030590153212e-04 -6.101982468418309935e-04
5.787798915753706863e-01 1.924870527233707995e-01 6.192705381841134837e-04 -5.923256295773116076e-04
5.793991621135547998e-01 1.918947270937934879e-01 5.982584047350414380e-04 -5.747342716393710749e-04
5.799974205182898412e-01 1.913199928221541168e-01 5.779009884282482190e-04 -5.574858872718913005e-04
5.805753215067180895e-01 1.907625069348822255e-01 5.582804454562495522e-04 -5.406020439580327963e-04
5.811336019521743390e-01 1.902219048909241927e-01 5.392926540797038371e-04 -5.240554078622117196e-04
5.816728946062540428e-01 1.896978494830619810e-01 5.209376142983890290e-04 -5.078459789837896921e-04
5.821938322205524319e-01 1.891900035040781913e-01 5.032153261106397935e-04 -4.919737573231275363e-04
5.826970475466630717e-01 1.886980297467550638e-01 4.861257895193427103e-04 -4.764387428799754520e-04
5.831831733361824144e-01 1.882215910038750883e-01 4.696690045221663112e-04 -4.612409356545277284e-04
5.836528423407045807e-01 1.877603500682205606e-01 4.538449711197767300e-04 -4.463803356472284545e-04
5.841066873118243574e-01 1.873139697325733322e-01 4.376390214094749709e-04 -4.320194974215818551e-04
5.845443263332338324e-01 1.868819502351517503e-01 4.213263571247738426e-04 -4.181143323678526702e-04
5.849656526903586062e-01 1.864638359027838976e-01 4.066130693578529076e-04 -4.043915166781486548e-04
5.853722657597164591e-01 1.860594443861057490e-01 3.924585679366821012e-04 -3.910177577866880139e-04
5.857647243276531412e-01 1.856684266283190610e-01 3.788628528612614232e-04 -3.779930556932209473e-04
5.861435871805144027e-01 1.852904335726258400e-01 3.658259241324790523e-04 -3.653174103979139886e-04
5.865094131046468817e-01 1.849251161622279260e-01 3.533477817496688544e-04 -3.529908218997956926e-04
5.868627608863965506e-01 1.845721253403281303e-01 3.414284257123867405e-04 -3.410132902006701716e-04
5.872041893121089373e-01 1.842311120501274602e-01 3.300678560216319113e-04 -3.293848152990663802e-04
5.875342571681305692e-01 1.839017272348283938e-01 3.184000923877050582e-04 -3.180607029804882746e-04
5.878526572605182743e-01 1.835836665318479055e-01 3.049795638747632154e-04 -3.069663457062887790e-04
5.881576368243930375e-01 1.832767001861416167e-01 2.941041653842235704e-04 -2.963235626574911574e-04
5.884517409897772611e-01 1.829803766234841256e-01 2.836735949586222105e-04 -2.860239548913290353e-04
5.887354145847358833e-01 1.826943526685927965e-01 2.736878525989583366e-04 -2.760675224085240576e-04
5.890091024373348416e-01 1.824182851461842725e-01 2.641469383042327479e-04 -2.664542652090207131e-04
5.892732493756390744e-01 1.821518308809752518e-01 2.550508520751115782e-04 -2.571841832926524685e-04
5.895283002277141859e-01 1.818946466976825993e-01 2.463995939115948275e-04 -2.482572766594748348e-04
5.897746998216257808e-01 1.816463894210231245e-01 2.381931638121281836e-04 -2.396735453095988344e-04
5.900128929854379090e-01 1.814067158757135256e-01 2.302827129401219253e-04 -2.313799674805994133e-04
5.902431756983780309e-01 1.811753359082329262e-01 2.202901430874426580e-04 -2.225294357488249997e-04
5.904634658414654735e-01 1.809528064724841012e-01 2.123297207788921170e-04 -2.145875017511844618e-04
5.906757955622443657e-01 1.807382189707329168e-01 2.046340516788092145e-04 -2.069245981881628893e-04
5.908804296139231749e-01 1.805312943725447539e-01 1.971914089208270937e-04 -1.995365478080490806e-04
5.910776210228440020e-01 1.803317578247367048e-01 1.899900656410213884e-04 -1.924191733602420573e-04
5.912676110884850234e-01 1.801393386513764627e-01 1.830182949744685317e-04 -1.855682975922534617e-04
5.914506293834594919e-01 1.799537703537842093e-01 1.762643700549126891e-04 -1.789797432532602706e-04
5.916268937535144046e-01 1.797747906105309490e-01 1.697165640189846059e-04 -1.726493330915512825e-04
5.917966103175333892e-01 1.796021412774393977e-01 1.633631500013166260e-04 -1.665728898553597848e-04
5.919599734675347058e-01 1.794355683875840379e-01 1.580087727994783364e-04 -1.601429711279300783e-04
5.921179822403341841e-01 1.792754254164561079e-01 1.523907710093697077e-04 -1.542797889601821293e-04
5.922703730113435538e-01 1.791211456274959257e-01 1.468623604554686324e-04 -1.487094884260187211e-04
5.924172353717990225e-01 1.789724361390699070e-01 1.415186898332532195e-04 -1.433489156182909952e-04
5.925587540616322757e-01 1.788290872234516160e-01 1.363498272800578448e-04 -1.381925668537675733e-04
5.926951038889123335e-01 1.786908946565978484e-01 1.313458409295531482e-04 -1.332349384500497447e-04
5.928264497298418867e-01 1.785576597181477987e-01 1.264967989188514608e-04 -1.284705267225183523e-04
5.929529465287607382e-01 1.784291891914252803e-01 1.217927693835108016e-04 -1.238938279888024407e-04
5.930747392981442490e-01 1.783052953634364779e-01 1.172238204580899890e-04 -1.194993385655596096e-04
5.931919631186023389e-01 1.781857960248709183e-01 1.127800202788131756e-04 -1.152815547698082810e-04
5.933047431388811521e-01 1.780705144701011100e-01 1.084514369812383805e-04 -1.112349729170958312e-04
5.934131945758623905e-01 1.779592794971840142e-01 1.042281387005905557e-04 -1.073540893258562168e-04
5.935174227145629811e-01 1.778519254078581580e-01 1.008081878822730815e-04 -1.032838902374488832e-04
5.936182309024452541e-01 1.777486415176207091e-01 9.749136872705399526e-05 -9.935963909962763907e-05
5.937157222711723081e-01 1.776492818785210814e-01 9.391075917575264498e-05 -9.575206481704512385e-05
5.938096330303480608e-01 1.775535298137040363e-01 9.044264500290832842e-05 -9.226500263184722606e-05
5.939000756753509691e-01 1.774612648110721891e-01 8.707938415486449202e-05 -8.889181846830074285e-05
5.939871550595058336e-01 1.773723729926038883e-01 8.381333457552209154e-05 -8.562587825031164890e-05
5.940709683940813557e-01 1.772867471143535767e-01 8.063685421000332809e-05 -8.246054790339574225e-05
5.941516052482913590e-01 1.772042865664501810e-01 7.754230100265324666e-05 -7.938919335043204129e-05
5.942291475492940123e-01 1.771248973730997489e-01 7.452203289937120445e-05 -7.640518051676981059e-05
5.943036695821933835e-01 1.770484921925829791e-01 7.156840784305895653e-05 -7.350187532620400255e-05
5.943752379900364424e-01 1.769749903172567751e-01 6.867378378083710544e-05 -7.067264370316794775e-05
5.944439117738172795e-01 1.769043176735536071e-01 6.583051865649558465e-05 -6.791085157251131044e-05
5.945097422924737751e-01 1.768364068219810958e-01 6.346572051718624152e-05 -6.540122546233595457e-05
5.945732080129909614e-01 1.767710055965187599e-01 6.173676622789336932e-05 -6.320976640400433055e-05
5.946349447792188547e-01 1.767077958301147556e-01 5.941206077730853963e-05 -6.079110237566798247e-05
5.946943568399961633e-01 1.766470047277390876e-01 5.715889727275769161e-05 -5.843568031466128687e-05
5.947515157372689210e-01 1.765885690474244263e-01 5.497214087590851506e-05 -5.613796972656071027e-05
5.948064878781448295e-01 1.765324310776978656e-01 5.284665674620825371e-05 -5.389244011758109743e-05
5.948593345348910377e-01 1.764785386375802845e-01 5.077731004432539663e-05 -5.169356099427036000e-05
5.949101118449353631e-01 1.764268450765860141e-01 4.875896593192763362e-05 -4.953580186245476469e-05
5.949588708108672908e-01 1.763773092747235594e-01 4.678648956901731992e-05 -4.741363222873773431e-05
5.950056573004363081e-01 1.763298956424948216e-01 4.485474611537476619e-05 -4.532152159897329113e-05
5.950505120465516828e-01 1.762845741208958483e-01 4.295860073277868452e-05 -4.325393947932076877e-05
5.950934706472844615e-01 1.762413201814165276e-01 4.109291858245267548e-05 -4.120535537618930100e-05
5.951345635658669142e-01 1.762001148260403383e-01 3.934262519922349099e-05 -3.928787983145665130e-05
5.951739061910661377e-01 1.761608269462088816e-01 3.847861167827204554e-05 -3.850966337709538223e-05
5.952123848027444097e-01 1.761223172828317862e-01 3.697681334791091956e-05 -3.688107900282067142e-05
5.952493616160923207e-01 1.760854362038289656e-01 3.552315145571860455e-05 -3.529928569212525957e-05
5.952848847675480393e-01 1.760501369181368403e-01 3.411440317047098603e-05 -3.376125050497114088e-05
5.953189991707185102e-01 1.760163756676318692e-01 3.274734566227621713e-05 -3.226394050170888761e-05
5.953517465163807865e-01 1.759841117271301603e-01 3.141875610046529488e-05 -3.080432274296662776e-05
5.953831652724812518e-01 1.759533074043871936e-01 3.012541165370308249e-05 -2.937936428895615570e-05
5.954132906841349548e-01 1.759239280400982375e-01 2.886408949054342088e-05 -2.798603219988926583e-05
5.954421547736254983e-01 1.758959420078983482e-01 2.763156678176059700e-05 -2.662129353639408613e-05
5.954697863404072589e-01 1.758693207143619541e-01 2.642462069490925103e-05 -2.528211535862689985e-05
5.954962109611021681e-01 1.758440385990033272e-01 2.524002839998651382e-05 -2.396546472721583498e-05
5.955214509895021546e-01 1.758200731342761114e-01 2.407456706698951621e-05 -2.266830870201186343e-05
5.955455255565691441e-01 1.757974048255740995e-01 2.348123916351418927e-05 -2.229424399163848491e-05
5.955690067957326583e-01 1.757751105815824610e-01 2.262740568603760494e-05 -2.148831552395424893e-05
5.955916342014186959e-01 1.757536222660585068e-01 2.171940845530073716e-05 -2.058907411495169981e-05
5.956133536098739967e-01 1.757330331919435551e-01 2.084388079504062574e-05 -1.973994951517954455e-05
5.956341974906690373e-01 1.757132932424283756e-01 1.999886524683969213e-05 -1.893997129914781752e-05
5.956541963559158770e-01 1.756943532711292277e-01 1.918240434739537648e-05 -1.818816904108899735e-05
5.956733787602632724e-01 1.756761651020881387e-01 1.839254063851214482e-05 -1.748357231426411751e-05
5.956917713009017845e-01 1.756586815297738746e-01 1.762731665866379416e-05 -1.682521069346076814e-05
5.957093986175604483e-01 1.756418563190804139e-01 1.688477494832252290e-05 -1.621211375207876060e-05
5.957262833925087708e-01 1.756256442053283351e-01 1.616295804474088271e-05 -1.564331106482241829e-05
5.957424463505535117e-01 1.756100008942635127e-01 1.545990849038947346e-05 -1.511783220523033044e-05
5.957579062590439012e-01 1.755948830620582823e-01 1.477366882363106981e-05 -1.463470674747946454e-05
5.957726799278675323e-01 1.755802483553108029e-01 1.431417974284698857e-05 -1.436694446663167035e-05
5.957869941076103792e-01 1.755658814108441712e-01 1.389980414601144076e-05 -1.416604793372244764e-05
5.958008939117563907e-01 1.755517153629104488e-01 1.338735646039257432e-05 -1.391509057210860156e-05
5.958142812682167833e-01 1.755378002723383402e-01 1.290190159419779548e-05 -1.371739439859354093e-05
5.958271831698109811e-01 1.755240828779397466e-01 1.244244458908916329e-05 -1.357277925637112581e-05
5.958396256144000702e-01 1.755105100986833755e-01 1.200799048750589293e-05 -1.348106498816337151e-05
5.958516336048875761e-01 1.754970290336952121e-01 1.159754433166515497e-05 -1.344207143585962605e-05
5.958632311492192413e-01 1.754835869622593525e-01 1.121011116400616459e-05 -1.345561844212639357e-05
5.958744412603832474e-01 1.754701313438172261e-01 1.084469602663507004e-05 -1.352152584968568938e-05
5.958852859564098825e-01 1.754566098179675404e-01 1.050030396176904190e-05 -1.363961350087095070e-05
5.958957862603716515e-01 1.754429702044666695e-01 1.017594001295751838e-05 -1.380970123801561478e-05
5.959059622003846091e-01 1.754291605032286538e-01 9.859462762773496536e-06 -1.345747793971008299e-05
5.959158216631473826e-01 1.754157030252889438e-01 9.549854611656805048e-06 -1.258159713302120508e-05
5.959253715177590394e-01 1.754031214281559226e-01 9.261061639231904508e-06 -1.195146062360485928e-05
5.959346325793982713e-01 1.753911699675323177e-01 8.983747584512258300e-06 -1.113724492032841518e-05
5.959436163269827835e-01 1.753800327226119893e-01 8.716474578562838360e-06 -1.011595643868323791e-05
5.959523328015613464e-01 1.753699167661733060e-01 8.457804752004527415e-06 -8.864601595576226956e-06
5.959607906063133509e-01 1.753610521645777298e-01 8.095458678303302236e-06 -9.040305623014832648e-06
5.959688860649916542e-01 1.753520118589547150e-01 7.772681244078150087e-06 -8.426996632976413437e-06
5.959766587462357323e-01 1.753435848623217386e-01 7.437842159174756773e-06 -7.762489788537552116e-06
5.959840965883949071e-01 1.753358223725332010e-01 7.084208647145651128e-06 -7.104050902595471229e-06
5.959911807970420528e-01 1.753287183216306055e-01 6.708333812222022630e-06 -6.459138916808937481e-06
5.959978891308542748e-01 1.753222591827137966e-01 6.401589325855105983e-06 -5.965091584098081157e-06
5.960042907201801299e-01 1.753162940911296985e-01 6.212871566102506904e-06 -5.701065637964131128e-06
5.960105035917462324e-01 1.753105930254917344e-01 5.940372611146216286e-06 -5.402812754851105126e-06
5.960164439643573786e-01 1.753051902127368833e-01 5.679408638603611337e-06 -5.213073717952321218e-06
5.960221233729959822e-01 1.752999771390189310e-01 5.431181208326307797e-06 -5.145674743106676274e-06
5.960275545542043085e-01 1.752948314642758243e-01 5.196891880276943709e-06 -5.214442047679623826e-06
5.960327514460845855e-01 1.752896170222281447e-01 4.987618511420599532e-06 -4.739142184351230469e-06
5.960377390645960061e-01 1.752848778800437934e-01 4.793050306428625618e-06 -4.542635458321120367e-06
5.960425321149024347e-01 1.752803352445854723e-01 4.616960433301287026e-06 -4.458027638376549362e-06
5.960471490753357360e-01 1.752758772169470958e-01 4.461765892749269824e-06 -4.413729357610751691e-06
5.960516108412284852e-01 1.752714634875894850e-01 4.328869462333351237e-06 -4.409426299339935795e-06
5.960559397106908186e-01 1.752670540612901451e-01 4.185970989278864351e-06 -4.341388373574339710e-06
5.960601256816800975e-01 1.752627126729165707e-01 3.991447946383175349e-06 -4.099209707425499616e-06
5.960641171296264806e-01 1.752586134632091452e-01 3.856362105536526030e-06 -4.026304180504425290e-06
5.960679734917320172e-01 1.752545871590286408e-01 3.731885590552153076e-06 -3.966337258659580201e-06
5.960717053773225693e-01 1.752506208217699812e-01 3.618018403317435627e-06 -3.919308942695876041e-06
5.960753233957258868e-01 1.752467015128272854e-01 3.514760542167039148e-06 -3.885219232141468026e-06
5.960788381562680538e-01 1.752428162935951439e-01 3.362918551186311333e-06 -3.694138660914614292e-06
5.960822010748192401e-01 1.752391221549342293e-01 3.226094737796003642e-06 -3.528653390122427069e-06
5.960854271695570361e-01 1.752355935015441069e-01 3.103643776647402319e-06 -3.386910859798364370e-06
5.960885308133336835e-01 1.752322065906843085e-01 2.984045619491837442e-06 -3.235839914378368931e-06
5.960915148589531753e-01 1.752289707507699301e-01 2.867421740271325348e-06 -3.075781310701852789e-06
5.960943822806934467e-01 1.752258949694592283e-01 2.778836176053900431e-06 -2.977043997903772166e-06
5.960971611168695006e-01 1.752229179254613245e-01 2.682196993841756694e-06 -2.838383874353977987e-06
5.960998433138633423e-01 1.752200795415869705e-01 2.590896852727730959e-06 -2.697369665349835799e-06
5.961024342107160701e-01 1.752173821719216207e-01 2.504935754488180066e-06 -2.554001370641545421e-06
5.961049391464705582e-01 1.752148281705509791e-01 2.420960811599925933e-06 -2.423636081633206985e-06
5.961073601072821582e-01 1.752124045344693459e-01 2.308981842169544052e-06 -2.442292824728076184e-06
5.961096690891243277e-01 1.752099622416446179e-01 2.215627730395297590e-06 -2.255726197414320566e-06
5.961118847168547230e-01 1.752077065154472035e-01 2.117542289403750999e-06 -2.055793415639550759e-06
5.961140022591441268e-01 1.752056507220315640e-01 2.013786401078299093e-06 -1.955536528625012593e-06
5.961160160455452051e-01 1.752036951855029390e-01 1.959641361404251825e-06 -1.915755410919484092e-06
5.961179756869066093e-01 1.752017794300920195e-01 1.935859749502277793e-06 -1.840387718582414678e-06
5.961199115466561116e-01 1.751999390423734371e-01 1.855850106369238972e-06 -1.787550072296362202e-06
5.961217673967624808e-01 1.751981514923011407e-01 1.775840463014155546e-06 -1.734712425649487244e-06
5.961235432372254950e-01 1.751964167798754912e-01 1.695830819881116724e-06 -1.681874779335679193e-06
5.961252390680453761e-01 1.751947349050961555e-01 1.615821177081144810e-06 -1.629037132744315386e-06
5.961268548892224572e-01 1.751931058679634112e-01 1.535811533615039082e-06 -1.576199486208462730e-06
5.961283907007560723e-01 1.751915296684772028e-01 1.455801890482000260e-06 -1.523361839839143528e-06
5.961298465026465543e-01 1.751900063066373636e-01 1.375792247348961439e-06 -1.470524193247779721e-06
5.961312222948939032e-01 1.751885357824441158e-01 1.298875969668600305e-06 -1.417604347409007204e-06
5.961325211708635718e-01 1.751871181780967068e-01 1.353177537799510333e-06 -1.361197664362379101e-06
5.961338743484013714e-01 1.751857569804323445e-01 1.299440520741157457e-06 -1.307661878308108427e-06
5.961351737889221125e-01 1.751844493185540363e-01 1.245703503349737673e-06 -1.254126092448126784e-06
5.961364194924254623e-01 1.751831951924615882e-01 1.191966485958317890e-06 -1.200590306366100535e-06
5.961376114589114206e-01 1.751819946021552221e-01 1.138229469122009618e-06 -1.147054520617141193e-06
5.961387496883805426e-01 1.751808475476346050e-01 1.084492452174679045e-06 -1.093518734618381671e-06
5.961398341808327173e-01 1.751797540288999866e-01 1.030755434006103144e-06 -1.039982948647377725e-06
5.961408649362667234e-01 1.751787140459513392e-01 9.770184175028617801e-07 -9.864471628429072325e-07
5.961418419546842262e-01 1.751777275987884963e-01 9.232813997783750892e-07 -9.329113767053698325e-07
5.961427652360840046e-01 1.751767946874117909e-01 9.042855686480777422e-07 -9.118073285574457287e-07
5.961436695216526527e-01 1.751758828800832335e-01 8.865629594900781285e-07 -8.918918645572926351e-07
5.961445560846121428e-01 1.751749909882186762e-01 8.520061013372881575e-07 -8.562612211493458858e-07
5.961454080907134800e-01 1.751741347269975269e-01 8.191889465658519498e-07 -8.222546328540136784e-07
5.961462272796600459e-01 1.751733124723646728e-01 7.881114942875910856e-07 -7.898721000043629203e-07
5.961470153911543335e-01 1.751725226002646685e-01 7.587737471670408240e-07 -7.591136224893713091e-07
5.961477741649015005e-01 1.751717634866421791e-01 7.311757019845543937e-07 -7.299792003367944204e-07
5.961485053406034851e-01 1.751710335074418423e-01 7.053173616267116586e-07 -7.024688332690764980e-07
5.961492106579651118e-01 1.751703310386085732e-01 6.811987232069327547e-07 -6.765825215915288737e-07
5.961498918566883187e-01 1.751696544560869817e-01 6.454735842487124842e-07 -6.460290463139450878e-07
5.961505373302725674e-01 1.751690084270406678e-01 5.683958278490663929e-07 -5.967864952771684273e-07
5.961511057261004165e-01 1.751684116405453906e-01 5.415138254472040558e-07 -5.720095197780938889e-07
5.961516472399258637e-01 1.751678396310256125e-01 5.160706444407026083e-07 -5.487147678451265165e-07
5.961521633105703044e-01 1.751672909162577674e-01 4.920662854956958654e-07 -5.269022399223555198e-07
5.961526553768558001e-01 1.751667640140178450e-01 4.695007477240054072e-07 -5.065719354269138108e-07
5.961531248776035241e-01 1.751662574420824181e-01 4.483740321248319560e-07 -4.877238546918682971e-07
5.961535732516356489e-01 1.751657697182277262e-01 4.286861374769301847e-07 -4.703579979947747347e-07
5.961540019377731259e-01 1.751652993602297315e-01 4.104370646684785129e-07 -4.544743643641879771e-07
5.961544123748377944e-01 1.751648448858653673e-01 3.936268138104992431e-07 -4.400729548825754733e-07
5.961548060016516049e-01 1.751644048129104847e-01 3.782553836817470483e-07 -4.271537690225812867e-07
5.961551842570352866e-01 1.751639776591414621e-01 3.643227762806233727e-07 -4.157168067564498415e-07
5.961555485798115672e-01 1.751635619423347057e-01 3.518289894977044696e-07 -4.057620682784701671e-07
5.961559004088010649e-01 1.751631561802664272e-01 3.407740244432133636e-07 -3.972895533943532342e-07
5.961562411828255081e-01 1.751627588907130328e-01 3.311578814502169621e-07 -3.902992623816547990e-07
5.961565723407069584e-01 1.751623685914506512e-01 3.229805599636037527e-07 -3.847911947962856516e-07
5.961568953212669220e-01 1.751619838002558549e-01 3.162420594282622233e-07 -3.807653514431574848e-07
5.961572115633263502e-01 1.751616030349044117e-01 3.109423808433930958e-07 -3.782217311287805472e-07
5.961575225057071936e-01 1.751612248131732830e-01 3.070815244310409753e-07 -3.771603348245999854e-07
5.961578295872316247e-01 1.751608476528384584e-01 3.046594889699605346e-07 -3.775811622808156187e-07
5.961581342467205946e-01 1.751604700716761776e-01 3.036762750152632862e-07 -3.794842133308939935e-07
5.961584379229956099e-01 1.751600905874628467e-01 3.041318834551276495e-07 -3.828694880303462611e-07
5.961587420548790650e-01 1.751597077179748163e-01 3.060263124021744829e-07 -3.877369865179502995e-07
5.961590480811914672e-01 1.751593199809882984e-01 3.093595638548052307e-07 -3.940867089324839867e-07
5.961593574407553220e-01 1.751589258942793659e-01 3.141316362587076583e-07 -4.019186544690356300e-07
5.961596715723915807e-01 1.751585239756248968e-01 3.203425301689932780e-07 -4.112328240435392246e-07
5.961599919149217497e-01 1.751581127428008533e-01 2.065409617779678797e-07 -3.071909268903549872e-07
5.961601984558835277e-01 1.751578055518739629e-01 1.838906212858759659e-07 -2.894588405633058414e-07
5.961603823465048135e-01 1.751575160930333996e-01 1.777294661442496704e-07 -2.874398530583466282e-07
5.961605600759709578e-01 1.751572286531803413e-01 1.723936969844075406e-07 -2.863230543492800706e-07
5.961607324696679422e-01 1.751569423301259920e-01 1.678833129181711570e-07 -2.861084452410178613e-07
5.961609003529808604e-01 1.751566562216807510e-01 1.641983152778081489e-07 -2.867960250674261857e-07
5.961610645512961382e-01 1.751563694256556836e-01 1.613387030641177944e-07 -2.883857944113721317e-07
5.961612258899992023e-01 1.751560810398612722e-01 1.593044758330108834e-07 -2.908777531340778211e-07
5.961613851944750353e-01 1.751557901621081381e-01 1.580956350277773481e-07 -2.942719005138982880e-07
5.961615432901100631e-01 1.751554958902076242e-01 1.577121803153502810e-07 -2.985682375777898301e-07
5.961617010022903784e-01 1.751551973219700464e-01 1.581541106965289600e-07 -3.037667637151297839e-07
5.961618591564010750e-01 1.751548935552063313e-01 1.594214263933579900e-07 -3.098674790924516032e-07
5.961620185778274683e-01 1.751545836877272388e-01 1.615141280719711858e-07 -3.168703835987329853e-07
5.961621800919555403e-01 1.751542668173436401e-01 1.644322156213462449e-07 -3.247754775947964134e-07
5.961623445241711616e-01 1.751539420418660453e-01 1.681756882643270501e-07 -3.335827606087971020e-07
5.961625126998594260e-01 1.751536084591054365e-01 1.727445481103373481e-07 -3.432922328072685048e-07
5.961626854444075363e-01 1.751532651668726293e-01 1.781387917176857627e-07 -3.539038944677663778e-07
5.961628635831992540e-01 1.751529112629781615e-01 1.843584224170413677e-07 -3.654177451184459358e-07
5.961630479416216710e-01 1.751525458452330430e-01 1.914034379879581138e-07 -3.778337850923740859e-07
5.961632393450596590e-01 1.751521680114479507e-01 1.992738392075921183e-07 -3.911520143895508284e-07
5.961634386188988666e-01 1.751517768594335611e-01 2.079696269641218009e-07 -4.053724328434427093e-07
5.961636465885258307e-01 1.751513714870007177e-01 2.174907991481234149e-07 -4.204950402875162752e-07
5.961638640793249788e-01 1.751509509919604302e-01 2.278373580910653118e-07 -4.365198374156609162e-07
5.961640919166830699e-01 1.751505144721230145e-01 2.390093020165906523e-07 -4.534468233119426372e-07
5.961643309259850865e-01 1.751500610252997026e-01 2.510066323679893685e-07 -4.712759991420956140e-07
5.961645819326174545e-01 1.751495897493005605e-01 1.971801638633863263e-07 -4.036795291095796046e-07
5.961647791127813178e-01 1.751491860697714509e-01 1.462546427299926677e-07 -3.396736348026951902e-07
5.961649253674240478e-01 1.751488463961366482e-01 1.460978538148083317e-07 -3.412594082041753296e-07
5.961650714652778627e-01 1.751485051367284440e-01 1.462221635994964686e-07 -3.430423791139780576e-07
5.961652176874414621e-01 1.751481620943493300e-01 1.466275726391685907e-07 -3.450225474210810717e-07
5.961653643150141013e-01 1.751478170718019090e-01 1.473140792684901612e-07 -3.471999135418180060e-07
5.961655116290933698e-01 1.751474698718883671e-01 1.482816853748403219e-07 -3.495744771153663777e-07
5.961656599107787446e-01 1.751471202974112518e-01 1.495303901810629554e-07 -3.521462383360152160e-07
5.961658094411689257e-01 1.751467681511729158e-01 1.510601929100019447e-07 -3.549151968429420378e-07
5.961659605013618357e-01 1.751464132359760728e-01 1.528710948939249192e-07 -3.578813530524804776e-07
5.961661133724567296e-01 1.751460553546230203e-01 1.549630954666980642e-07 -3.610447068258526571e-07
5.961662683355521963e-01 1.751456943099161945e-01 1.573361942952544723e-07 -3.644052579687695470e-07
5.961664256717464916e-01 1.751453299046582257e-01 1.599903917126610509e-07 -3.679630068420536304e-07
5.961665856621382042e-01 1.751449619416513837e-01 1.629256887181185220e-07 -3.717179532514158780e-07
5.961667485878269224e-01 1.751445902236981322e-01 1.661420837573146514e-07 -3.756700971968562897e-07
5.961669147299106797e-01 1.751442145536009354e-01 1.696395768302494389e-07 -3.798194386506192899e-07
5.961670843694875099e-01 1.751438347341622848e-01 1.734181700463466314e-07 -3.841659777792383323e-07
5.961672577876575563e-01 1.751434505681845055e-01 1.774778602969817598e-07 -3.887097143329132365e-07
5.961674352655178533e-01 1.751430618584701726e-01 1.818186502466900833e-07 -3.934506482283772755e-07
5.961676170841681000e-01 1.751426684078219442e-01 1.864405385632039724e-07 -3.983887799097196591e-07
5.961678035247066632e-01 1.751422700190420345e-01 1.913435255795903345e-07 -4.035241093491848119e-07
5.961679948682322427e-01 1.751418664949326853e-01 1.965276107407376571e-07 -4.088566359361500702e-07
5.961681913958429835e-01 1.751414576382967492e-01 2.019927958230027798e-07 -4.143863603089936731e-07
5.961683933886388065e-01 1.751410432519364402e-01 2.077390778287835360e-07 -4.201132820236264109e-07
5.961686011277166353e-01 1.751406231386544166e-01 2.137664601997713021e-07 -4.260374015796486447e-07
5.961688148941768350e-01 1.751401971012528369e-01 2.061386912277640704e-07 -4.110427892223267321e-07
5.961690210328680628e-01 1.751397860584636146e-01 1.613937113953411995e-07 -3.408243964553303584e-07
5.961691824265794581e-01 1.751394452340671593e-01 1.608076246606415793e-07 -3.382362027126717408e-07
5.961693432342041188e-01 1.751391069978644466e-01 1.602215373708304469e-07 -3.356480094973690598e-07
5.961695034557414896e-01 1.751387713498549492e-01 1.596354504140862218e-07 -3.330598160600217739e-07
5.961696630911919037e-01 1.751384382900388892e-01 1.590493631242750894e-07 -3.304716227614523660e-07
5.961698221405550280e-01 1.751381078184161277e-01 1.584632765005977717e-07 -3.278834293796162314e-07
5.961699806038315286e-01 1.751377799349867481e-01 1.578771890997643368e-07 -3.252952360255356723e-07
5.961701384810206283e-01 1.751374546397507226e-01 1.572911021430201117e-07 -3.227070425604328108e-07
5.961702957721227714e-01 1.751371319327081622e-01 1.567050154083204916e-07 -3.201188491785966761e-07
5.961704524771381797e-01 1.751368118138589836e-01 1.561189276744201493e-07 -3.175306558522716927e-07
5.961706085960658541e-01 1.751364942832031313e-01 1.555328411617651341e-07 -3.149424623039021043e-07
5.961707641289070159e-01 1.751361793407408274e-01 1.549467538719540016e-07 -3.123542691441105745e-07
5.961709190756608878e-01 1.751358669864716833e-01 1.543606670262320790e-07 -3.097660757622744399e-07
5.961710734363279141e-01 1.751355572203959210e-01 1.537745796253986441e-07 -3.071778824081938808e-07
5.961712272109075395e-01 1.751352500425135128e-01 1.531884926686544190e-07 -3.045896889430910193e-07
5.961713803994002081e-01 1.751349454528245697e-01 1.526024058229324964e-07 -3.020014954779881577e-07
5.961715330018060310e-01 1.751346434513290917e-01 1.520163187551659689e-07 -2.994133022071743255e-07
5.961716850181247862e-01 1.751343440380268845e-01 1.514302315763771389e-07 -2.968251089363604933e-07
5.961718364483563626e-01 1.751340472129179482e-01 1.508441443975883089e-07 -2.942369154712576318e-07
5.961719872925007602e-01 1.751337529760024769e-01 1.502580575518663863e-07 -2.916487220894214971e-07
5.961721375505583120e-01 1.751334613272803875e-01 1.496719704840998588e-07 -2.890605287630965137e-07
5.961722872225287961e-01 1.751331722667516244e-01 1.490858831942887264e-07 -2.864723352424825009e-07
5.961724363084119904e-01 1.751328857944163819e-01 1.484997962375445013e-07 -2.838841419439130931e-07
5.961725848082082280e-01 1.751326019102744380e-01 1.479137096138671836e-07 -2.812959486175881096e-07
5.961727327219178418e-01 1.751323206143258204e-01 1.473276217689445389e-07 -2.787077550414629457e-07
5.961728800495396108e-01 1.751320419065707790e-01 1.120641565099944614e-07 -1.470353534760437952e-07
5.961729921136961208e-01 1.751318948712173029e-01 1.025547040622853956e-07 -1.112305309525218888e-07
5.961730946684001831e-01 1.751317836406863504e-01 9.646874399305005454e-08 -8.816943128375775984e-08
5.961731911371441761e-01 1.751316954712550666e-01 9.038278359074780610e-08 -6.510833167050478210e-08
5.961732815199277669e-01 1.751316303629233961e-01 8.429682429866858229e-08 -4.204723172418489696e-08
5.961733658167520655e-01 1.751315883156916720e-01 7.821086400738863631e-08 -1.898613233297652414e-08
5.961734440276160729e-01 1.751315693295593390e-01 7.212490471530941250e-08 4.074967335787604839e-09
5.961735161525207882e-01 1.751315734045266748e-01 6.603894509016328129e-08 2.713606719884076313e-08
5.961735821914658784e-01 1.751316005405938736e-01 5.995298490990563778e-08 5.019716681209374087e-08
5.961736421444507883e-01 1.751316507377606857e-01 5.386702495169259919e-08 7.325826648085786985e-08
5.961736960114757400e-01 1.751317239960271666e-01 4.778106532654646799e-08 9.631936609411084760e-08
5.961737437925410665e-01 1.751318203153932607e-01 4.169510525731112693e-08 1.193804659571640059e-07
5.961737854876463238e-01 1.751319396958592178e-01 3.560914629829881051e-08 1.424415656814392861e-07
5.961738210967926221e-01 1.751320821374248993e-01 5.262279845208439610e-08 3.510955068342092034e-08
5.961738737195910742e-01 1.751321172469755827e-01 5.400999802951389483e-08 1.598602866748066731e-08
5.961739277295891037e-01 1.751321332330042502e-01 5.180375228786004982e-08 1.714684516596065578e-08
5.961739795333413916e-01 1.751321503798494161e-01 4.959750743438462450e-08 1.830766141464046370e-08
5.961740291308488260e-01 1.751321686875108308e-01 4.739126213681998934e-08 1.946847741352009109e-08
5.961740765221109628e-01 1.751321881559882443e-01 4.518501717232226156e-08 2.062929368995547463e-08
5.961741217071281351e-01 1.751322087852819342e-01 4.297877154169071900e-08 2.179010996639085818e-08
5.961741646858996768e-01 1.751322305753919006e-01 4.077252635514838630e-08 2.295092615955951487e-08
5.961742054584260320e-01 1.751322535263180602e-01 3.856628139065065852e-08 2.411174235272817157e-08
5.961742440247074226e-01 1.751322776380604129e-01 3.636003598206372089e-08 2.527255854589682826e-08
5.961742803847434047e-01 1.751323029106189588e-01 3.415379090654369065e-08 2.643337487784336304e-08
5.961743145385343112e-01 1.751323293439938367e-01 3.194754594204596287e-08 2.759419093223414166e-08
5.961743464860802533e-01 1.751323569381847689e-01 2.974130031141442032e-08 2.875500712540279835e-08
5.961743762273805647e-01 1.751323856931918943e-01 9.888970198268509648e-09 6.669206004117356201e-08
5.961743861163507630e-01 1.751324523852519355e-01 5.512493017612030144e-09 7.548485037034424749e-08
5.961743916288437806e-01 1.751325278701023058e-01 5.512493128634332606e-09 7.548485034258867188e-08
5.961743971413369092e-01 1.751326033549526484e-01 5.512492684545122756e-09 7.548485053687770119e-08
5.961744026538295937e-01 1.751326788398031853e-01 5.512493128634332606e-09 7.548485017605521818e-08
5.961744081663227224e-01 1.751327543246533613e-01 5.512492684545122756e-09 7.548485050912212557e-08
5.961744136788154069e-01 1.751328298095038705e-01 5.512493350678937531e-09 7.548485037034424749e-08
5.961744191913087576e-01 1.751329052943542408e-01 5.512492684545122756e-09 7.548485037034424749e-08
5.961744247038014421e-01 1.751329807792046112e-01 5.512492906589727681e-09 7.548485048136654996e-08
5.961744302162943487e-01 1.751330562640550925e-01 5.512493128634332606e-09 7.548485031483309626e-08
5.961744357287874774e-01 1.751331317489054074e-01 5.512493239656635069e-09 7.548485039809982311e-08
5.961744412412807170e-01 1.751332072337558055e-01 5.512492795567425219e-09 7.548485039809982311e-08
5.961744467537735126e-01 1.751332827186062036e-01 5.512493461701239994e-09 7.548485037034424749e-08
5.961744522662669743e-01 1.751333582034565739e-01 2.504279006387832851e-10 2.793212583451776254e-08
5.961744525166948749e-01 1.751333861355824084e-01 -1.396903481776234912e-09 1.304536872970274430e-08
5.961744511197913932e-01 1.751333991809511381e-01 -1.396903037687025062e-09 1.304536850765813938e-08
5.961744497228883555e-01 1.751334122263196458e-01 -1.396903037687025062e-09 1.304536850765813938e-08
5.961744483259853178e-01 1.751334252716881534e-01 -1.396902704620117674e-09 1.304536878521389553e-08
5.961744469290826132e-01 1.751334383170569386e-01 -1.396903370753932450e-09 1.304536856316929061e-08
5.961744455321792424e-01 1.751334513624255018e-01 -1.396903481776234912e-09 1.304536867419159307e-08
5.961744441352757606e-01 1.751334644077941760e-01 -1.396902926664722600e-09 1.304536864643601746e-08
5.961744427383728340e-01 1.751334774531628224e-01 -1.396903148709327525e-09 1.304536856316929061e-08
5.961744413414696853e-01 1.751334904985313856e-01 -1.396903259731629987e-09 1.304536875745831992e-08
5.961744399445664255e-01 1.751335035439001431e-01 -1.396902926664722600e-09 1.304536842439141253e-08
5.961744385476634989e-01 1.751335165892685675e-01 -1.396903259731629987e-09 1.304536859092486623e-08
5.961744371507602391e-01 1.751335296346371584e-01 -1.396902704620117674e-09 1.304536875745831992e-08
5.961744357538575345e-01 1.751335426800059158e-01 -1.396903259731629987e-09 1.304536859092486623e-08
5.961744343569542748e-01 1.751335557253745068e-01 -1.396903592798537375e-09 1.304536853541371499e-08
5.961744329600506820e-01 1.751335687707430422e-01 -1.396902482575512749e-09 1.304536870194716869e-08
5.961744315631481994e-01 1.751335818161117441e-01 -1.396903592798537375e-09 1.304536856316929061e-08
5.961744301662446066e-01 1.751335948614803073e-01 -1.396902593597815212e-09 1.304536847990256376e-08
5.961744287693420130e-01 1.751336079068487872e-01 -1.073113375937850833e-09 1.052502615617179060e-08
5.961744276962286371e-01 1.751336184318749434e-01 -5.465922159331171315e-10 6.426656817826170709e-09
5.961744271496364211e-01 1.751336248585317612e-01 -5.465928820669319066e-10 6.426657012115200018e-09
5.961744266030435391e-01 1.751336312851887733e-01 -5.465927710446294441e-10 6.426656817826170709e-09
5.961744260564507680e-01 1.751336377118455911e-01 -5.465924379777220565e-10 6.426656984359624403e-09
5.961744255098583301e-01 1.751336441385025755e-01 -5.465926600223269816e-10 6.426656790070595093e-09
5.961744249632656700e-01 1.751336505651593656e-01 -5.465925490000245190e-10 6.426657039870775634e-09
5.961744244166731210e-01 1.751336569918164054e-01 -5.465924379777220565e-10 6.426656873337321940e-09
5.961744238700806831e-01 1.751336634184732788e-01 -5.465927710446294441e-10 6.426656762315019478e-09
5.961744233234879120e-01 1.751336698451300411e-01 -5.152656079587814020e-10 6.077330388931656557e-09
5.961744228082223040e-01 1.751336759224604300e-01 -3.820548322153172194e-10 4.591912627915917255e-09
5.961744224261674718e-01 1.751336805143730579e-01 -3.820550542599221444e-10 4.591912516893614793e-09
5.961744220441124176e-01 1.751336851062855748e-01 -3.820553873268295320e-10 4.591912544649190409e-09
5.961744216620570302e-01 1.751336896981981195e-01 -3.820552763045270694e-10 4.591912405871312330e-09
5.961744212800017539e-01 1.751336942901105254e-01 -3.820549432376196819e-10 4.591912600160341640e-09
5.961744208979468107e-01 1.751336988820231255e-01 -3.820553873268295320e-10 4.591912655671492871e-09
5.961744205158914234e-01 1.751337034739357812e-01 -3.820549432376196819e-10 4.591912433626887946e-09
5.961744201338364801e-01 1.751337080658482148e-01 -3.820550542599221444e-10 4.591912516893614793e-09
5.961744197517814259e-01 1.751337126577607317e-01 -3.820552763045270694e-10 4.591912461382463562e-09
