5.0000 15.0000 25.0000 35.0000 45.0000 55.0000 65.0000 75.0000 85.0000 95.0000
0.0000 0.0000 0.0000 0.0000 0.0000 0.0000 0.0000 0.4000 0.0000 0.0000
0.0000 0.0000 0.0000 0.0000 0.0000 0.1000 0.2000 0.0000 0.0000 0.0000
0.0000 0.0000 0.1000 0.0000 0.0000 0.0000 0.0000 0.1000 0.0000 0.0000
0.0000 0.0000 0.1000 0.0000 0.0000 0.0000 0.2000 0.1000 0.0000 0.0000
0.0000 0.0000 0.1000 0.0000 0.0000 0.0000 0.0000 0.2000 0.0000 0.0000
0.0000 0.0000 0.1000 0.0000 0.0000 0.0000 0.1000 0.1000 0.0000 0.0000
0.0000 0.0000 0.1000 0.0000 0.0000 0.1000 0.1000 0.0000 0.0000 0.0000
0.0000 0.0000 0.0000 0.0000 0.0000 0.2000 0.1000 0.1000 0.0000 0.0000
0.0000 0.0000 0.0000 0.0000 0.1000 0.0000 0.0000 0.1000 0.0000 0.0000
0.0000 0.0000 0.0000 0.0000 0.1000 0.0000 0.0000 0.1000 0.0000 0.0000
0.0000 0.0000 0.0000 0.0000 0.1000 0.0000 0.0000 0.1000 0.0000 0.0000
0.0000 0.0000 0.0000 0.0000 0.1000 0.0000 0.0000 0.1000 0.0000 0.0000
0.0000 0.0000 0.0000 0.0000 0.1000 0.0000 0.0000 0.1000 0.0000 0.0000
0.0000 0.0000 0.0000 0.0000 0.1000 0.0000 0.0000 0.1000 0.0000 0.1000
0.0000 0.0000 0.0000 0.0000 0.1000 0.0000 0.1000 0.2000 0.0000 0.0000
0.0000 0.0000 0.0000 0.0000 0.0000 0.0000 0.2000 0.1000 0.0000 0.0000
0.0000 0.0000 0.0000 0.0000 0.1000 0.2000 0.1000 0.3000 0.0000 0.0000
0.0000 0.0000 0.0000 0.0000 0.0000 0.2000 0.0000 0.3000 0.0000 0.0000
0.0000 0.0000 0.0000 0.0000 0.1000 0.1000 0.1000 0.4000 0.0000 0.0000
0.0000 0.0000 0.0000 0.0000 0.1000 0.1000 0.2000 0.1000 0.0000 0.0000
0.0000 0.0000 0.0000 0.0000 0.0000 0.3000 0.4000 0.0000 0.0000 0.0000
0.0000 0.0000 0.1000 0.0000 0.1000 0.1000 0.4000 0.2000 0.0000 0.0000
0.0000 0.0000 0.0000 0.0000 0.0000 0.1000 0.3000 0.4000 0.0000 0.0000
0.0000 0.0000 0.0000 0.0000 0.0000 0.1000 0.3000 0.2000 0.0000 0.0000
0.0000 0.0000 0.0000 0.0000 0.2000 0.1000 0.3000 0.1000 0.1000 0.0000
0.0000 0.0000 0.0000 0.0000 0.1000 0.1000 0.5000 0.1000 0.0000 0.0000
0.0000 0.0000 0.0000 0.0000 0.0000 0.1000 0.5000 0.1000 0.0000 0.0000
0.0000 0.0000 0.0000 0.0000 0.0000 0.2000 0.3000 0.3000 0.0000 0.0000
0.0000 0.0000 0.0000 0.0000 0.1000 0.4000 0.4000 0.2000 0.0000 0.0000
0.0000 0.0000 0.0000 0.0000 0.0000 0.1000 0.2000 0.2000 0.0000 0.0000
0.0000 0.0000 0.0000 0.0000 0.0000 0.2000 0.2000 0.1000 0.0000 0.0000
0.0000 0.0000 0.0000 0.0000 0.0000 0.1000 0.3000 0.1000 0.0000 0.0000
0.0000 0.0000 0.0000 0.0000 0.0000 0.2000 0.3000 0.0000 0.0000 0.0000
0.0000 0.0000 0.0000 0.0000 0.0000 0.2000 0.0000 0.2000 0.0000 0.0000
0.0000 0.0000 0.0000 0.0000 0.1000 0.0000 0.3000 0.1000 0.0000 0.0000
0.0000 0.0000 0.0000 0.0000 0.1000 0.1000 0.1000 0.1000 0.0000 0.0000
0.0000 0.0000 0.0000 0.0000 0.0000 0.1000 0.1000 0.1000 0.0000 0.0000
0.0000 0.0000 0.0000 0.0000 0.2000 0.1000 0.0000 0.1000 0.0000 0.0000
0.0000 0.0000 0.0000 0.0000 0.0000 0.1000 0.1000 0.1000 0.0000 0.0000
0.0000 0.0000 0.0000 0.0000 0.1000 0.2000 0.2000 0.1000 0.0000 0.0000
0.0000 0.0000 0.0000 0.0000 0.2000 0.1000 0.1000 0.1000 0.0000 0.0000
0.0000 0.0000 0.0000 0.0000 0.1000 0.1000 0.1000 0.1000 0.0000 0.0000
0.0000 0.0000 0.0000 0.0000 0.1000 0.0000 0.1000 0.1000 0.0000 0.0000
0.0000 0.0000 0.0000 0.0000 0.0000 0.0000 0.1000 0.1000 0.0000 0.0000
0.0000 0.0000 0.0000 0.0000 0.1000 0.0000 0.1000 0.1000 0.0000 0.0000
0.0000 0.0000 0.0000 0.1000 0.0000 0.1000 0.0000 0.2000 0.0000 0.0000
0.0000 0.0000 0.0000 0.1000 0.1000 0.1000 0.2000 0.0000 0.0000 0.0000
0.0000 0.0000 0.0000 0.0000 0.1000 0.0000 0.3000 0.1000 0.0000 0.0000
0.0000 0.0000 0.0000 0.2000 0.1000 0.2000 0.2000 0.0000 0.0000 0.0000
0.0000 0.0000 0.0000 0.0000 0.1000 0.2000 0.2000 0.0000 0.0000 0.0000
0.0000 0.0000 0.0000 0.1000 0.2000 0.2000 0.1000 0.0000 0.0000 0.0000
0.0000 0.0000 0.0000 0.0000 0.2000 0.1000 0.2000 0.0000 0.0000 0.0000
0.0000 0.0000 0.0000 0.1000 0.0000 0.1000 0.2000 0.1000 0.0000 0.0000
0.0000 0.0000 0.0000 0.1000 0.1000 0.1000 0.2000 0.0000 0.0000 0.0000
0.0000 0.0000 0.0000 0.0000 0.4000 0.0000 0.1000 0.0000 0.0000 0.0000
0.0000 0.0000 0.0000 0.0000 0.1000 0.1000 0.0000 0.0000 0.0000 0.0000
0.0000 0.0000 0.0000 0.0000 0.1000 0.1000 0.1000 0.0000 0.0000 0.0000
0.0000 0.0000 0.0000 0.0000 0.1000 0.0000 0.2000 0.0000 0.0000 0.0000
0.0000 0.0000 0.0000 0.1000 0.1000 0.0000 0.2000 0.0000 0.0000 0.0000
0.0000 0.0000 0.0000 0.2000 0.0000 0.1000 0.0000 0.0000 0.0000 0.0000
0.0000 0.0000 0.0000 0.1000 0.2000 0.1000 0.2000 0.0000 0.0000 0.0000
0.0000 0.0000 0.0000 0.1000 0.0000 0.1000 0.0000 0.0000 0.0000 0.0000
0.0000 0.0000 0.0000 0.0000 0.2000 0.0000 0.1000 0.0000 0.0000 0.0000
0.0000 0.0000 0.1000 0.0000 0.2000 0.0000 0.1000 0.0000 0.0000 0.0000
0.0000 0.0000 0.0000 0.0000 0.1000 0.0000 0.0000 0.0000 0.0000 0.0000
0.0000 0.1000 0.0000 0.1000 0.1000 0.0000 0.0000 0.0000 0.0000 0.0000
0.0000 0.0000 0.0000 0.0000 0.1000 0.0000 0.1000 0.0000 0.0000 0.0000
0.0000 0.0000 0.0000 0.0000 0.2000 0.0000 0.1000 0.0000 0.0000 0.0000
0.0000 0.0000 0.0000 0.0000 0.2000 0.0000 0.1000 0.0000 0.0000 0.0000
0.0000 0.0000 0.1000 0.0000 0.1000 0.0000 0.1000 0.0000 0.0000 0.0000
0.0000 0.1000 0.0000 0.0000 0.1000 0.0000 0.1000 0.0000 0.0000 0.0000
0.0000 0.0000 0.1000 0.0000 0.1000 0.0000 0.1000 0.0000 0.0000 0.0000
0.0000 0.0000 0.1000 0.1000 0.3000 0.1000 0.0000 0.0000 0.0000 0.0000
0.0000 0.0000 0.3000 0.0000 0.2000 0.1000 0.0000 0.0000 0.0000 0.0000
0.0000 0.1000 0.0000 0.0000 0.2000 0.0000 0.0000 0.0000 0.0000 0.0000
0.0000 0.1000 0.0000 0.1000 0.2000 0.0000 0.0000 0.0000 0.0000 0.0000
0.0000 0.2000 0.0000 0.1000 0.2000 0.0000 0.0000 0.0000 0.0000 0.0000
0.0000 0.1000 0.1000 0.1000 0.2000 0.0000 0.1000 0.0000 0.0000 0.0000
0.0000 0.2000 0.1000 0.1000 0.0000 0.1000 0.1000 0.0000 0.0000 0.0000
0.0000 0.2000 0.0000 0.1000 0.0000 0.1000 0.0000 0.0000 0.0000 0.0000
0.0000 0.2000 0.0000 0.1000 0.1000 0.0000 0.0000 0.0000 0.0000 0.0000
0.0000 0.3000 0.0000 0.1000 0.1000 0.0000 0.0000 0.0000 0.0000 0.0000
0.0000 0.1000 0.0000 0.0000 0.1000 0.1000 0.0000 0.0000 0.0000 0.0000
0.0000 0.2000 0.0000 0.0000 0.2000 0.1000 0.0000 0.0000 0.0000 0.0000
0.0000 0.0000 0.1000 0.0000 0.1000 0.1000 0.0000 0.0000 0.0000 0.0000
0.0000 0.1000 0.0000 0.0000 0.1000 0.1000 0.0000 0.0000 0.0000 0.0000
0.0000 0.2000 0.1000 0.1000 0.1000 0.0000 0.0000 0.0000 0.0000 0.0000
0.0000 0.0000 0.1000 0.0000 0.1000 0.1000 0.0000 0.0000 0.0000 0.0000
0.0000 0.0000 0.2000 0.1000 0.1000 0.0000 0.0000 0.0000 0.0000 0.0000
0.0000 0.0000 0.1000 0.1000 0.1000 0.0000 0.0000 0.0000 0.0000 0.0000
0.0000 0.0000 0.2000 0.1000 0.2000 0.0000 0.0000 0.0000 0.0000 0.0000
0.0000 0.0000 0.2000 0.2000 0.0000 0.0000 0.0000 0.0000 0.0000 0.0000
0.0000 0.0000 0.1000 0.3000 0.0000 0.1000 0.0000 0.0000 0.0000 0.0000
0.0000 0.0000 0.0000 0.4000 0.1000 0.0000 0.0000 0.0000 0.0000 0.0000
0.0000 0.0000 0.0000 0.3000 0.1000 0.0000 0.0000 0.0000 0.0000 0.0000
0.0000 0.0000 0.0000 0.2000 0.1000 0.0000 0.0000 0.0000 0.0000 0.0000
0.0000 0.0000 0.1000 0.5000 0.0000 0.1000 0.0000 0.0000 0.0000 0.0000
0.0000 0.0000 0.0000 0.2000 0.0000 0.1000 0.0000 0.0000 0.0000 0.0000
0.0000 0.0000 0.0000 0.2000 0.0000 0.1000 0.0000 0.0000 0.0000 0.0000
0.0000 0.0000 0.0000 0.2000 0.0000 0.1000 0.0000 0.0000 0.0000 0.0000
0.0000 0.0000 0.0000 0.2000 0.0000 0.1000 0.0000 0.0000 0.0000 0.0000
0.0000 0.0000 0.0000 0.2000 0.0000 0.1000 0.0000 0.0000 0.0000 0.0000
0.0000 0.0000 0.0000 0.1000 0.0000 0.1000 0.0000 0.0000 0.0000 0.0000
0.0000 0.0000 0.0000 0.2000 0.1000 0.1000 0.0000 0.0000 0.0000 0.0000
0.0000 0.0000 0.0000 0.1000 0.1000 0.1000 0.0000 0.0000 0.0000 0.0000
0.0000 0.0000 0.0000 0.2000 0.0000 0.1000 0.0000 0.0000 0.0000 0.0000
0.0000 0.0000 0.0000 0.1000 0.0000 0.1000 0.0000 0.0000 0.0000 0.0000
0.0000 0.0000 0.0000 0.2000 0.1000 0.1000 0.0000 0.0000 0.0000 0.0000
0.0000 0.0000 0.0000 0.1000 0.1000 0.1000 0.0000 0.0000 0.0000 0.0000
0.0000 0.0000 0.0000 0.0000 0.2000 0.1000 0.0000 0.0000 0.0000 0.0000
0.0000 0.0000 0.0000 0.2000 0.1000 0.1000 0.0000 0.0000 0.0000 0.0000
0.0000 0.0000 0.0000 0.0000 0.0000 0.1000 0.0000 0.0000 0.0000 0.0000
0.0000 0.0000 0.0000 0.3000 0.0000 0.2000 0.0000 0.0000 0.0000 0.0000
0.0000 0.0000 0.1000 0.1000 0.1000 0.1000 0.0000 0.0000 0.0000 0.0000
0.0000 0.0000 0.0000 0.1000 0.1000 0.1000 0.0000 0.0000 0.0000 0.0000
0.0000 0.0000 0.0000 0.1000 0.2000 0.0000 0.0000 0.0000 0.0000 0.0000
0.0000 0.0000 0.1000 0.2000 0.1000 0.0000 0.0000 0.0000 0.0000 0.0000
0.0000 0.0000 0.1000 0.1000 0.1000 0.0000 0.0000 0.0000 0.0000 0.0000
0.0000 0.0000 0.1000 0.1000 0.1000 0.0000 0.0000 0.0000 0.0000 0.0000
0.0000 0.0000 0.0000 0.0000 0.1000 0.0000 0.0000 0.0000 0.0000 0.0000
0.0000 0.0000 0.2000 0.1000 0.0000 0.0000 0.0000 0.0000 0.0000 0.0000
0.0000 0.0000 0.2000 0.1000 0.0000 0.0000 0.0000 0.0000 0.0000 0.0000
0.0000 0.0000 0.2000 0.2000 0.0000 0.0000 0.0000 0.0000 0.0000 0.0000
0.0000 0.0000 0.2000 0.2000 0.0000 0.1000 0.0000 0.0000 0.0000 0.0000
0.0000 0.1000 0.1000 0.1000 0.0000 0.0000 0.0000 0.0000 0.0000 0.0000
0.0000 0.0000 0.2000 0.2000 0.0000 0.0000 0.0000 0.0000 0.0000 0.0000
0.0000 0.1000 0.1000 0.0000 0.1000 0.0000 0.0000 0.0000 0.0000 0.0000
0.0000 0.0000 0.1000 0.1000 0.1000 0.0000 0.0000 0.0000 0.0000 0.0000
0.0000 0.0000 0.1000 0.0000 0.1000 0.0000 0.0000 0.0000 0.0000 0.0000
0.0000 0.0000 0.2000 0.0000 0.1000 0.0000 0.0000 0.0000 0.0000 0.0000
0.0000 0.0000 0.1000 0.0000 0.1000 0.0000 0.0000 0.0000 0.0000 0.0000
0.0000 0.0000 0.1000 0.1000 0.1000 0.0000 0.0000 0.0000 0.0000 0.0000
0.0000 0.0000 0.0000 0.1000 0.1000 0.0000 0.0000 0.0000 0.0000 0.0000
0.0000 0.0000 0.1000 0.1000 0.2000 0.0000 0.0000 0.0000 0.0000 0.0000
0.0000 0.0000 0.1000 0.2000 0.1000 0.0000 0.0000 0.0000 0.0000 0.0000
0.0000 0.0000 0.1000 0.2000 0.1000 0.0000 0.0000 0.0000 0.0000 0.0000
0.0000 0.0000 0.1000 0.2000 0.1000 0.0000 0.0000 0.0000 0.0000 0.0000
0.0000 0.0000 0.1000 0.2000 0.1000 0.0000 0.0000 0.0000 0.0000 0.0000
0.0000 0.0000 0.0000 0.2000 0.1000 0.0000 0.0000 0.0000 0.0000 0.0000
0.0000 0.0000 0.1000 0.2000 0.1000 0.0000 0.0000 0.0000 0.0000 0.0000
0.0000 0.0000 0.1000 0.1000 0.1000 0.1000 0.0000 0.0000 0.0000 0.0000
0.0000 0.1000 0.1000 0.0000 0.2000 0.1000 0.0000 0.0000 0.0000 0.0000
0.0000 0.0000 0.2000 0.0000 0.2000 0.0000 0.0000 0.0000 0.0000 0.0000
0.0000 0.0000 0.1000 0.1000 0.2000 0.0000 0.0000 0.0000 0.0000 0.0000
0.0000 0.0000 0.1000 0.1000 0.0000 0.1000 0.0000 0.0000 0.0000 0.0000
0.0000 0.0000 0.1000 0.3000 0.1000 0.0000 0.0000 0.0000 0.0000 0.0000
0.0000 0.0000 0.1000 0.1000 0.2000 0.0000 0.0000 0.0000 0.0000 0.0000
0.0000 0.0000 0.1000 0.0000 0.2000 0.1000 0.0000 0.0000 0.0000 0.0000
0.0000 0.0000 0.1000 0.1000 0.3000 0.0000 0.0000 0.0000 0.0000 0.0000
0.0000 0.0000 0.1000 0.1000 0.1000 0.0000 0.0000 0.0000 0.0000 0.0000
0.0000 0.0000 0.1000 0.0000 0.2000 0.0000 0.0000 0.0000 0.0000 0.0000
0.0000 0.0000 0.1000 0.1000 0.1000 0.0000 0.0000 0.0000 0.0000 0.0000
0.0000 0.0000 0.0000 0.1000 0.1000 0.0000 0.0000 0.0000 0.0000 0.0000
0.0000 0.1000 0.0000 0.1000 0.2000 0.0000 0.0000 0.0000 0.0000 0.0000
0.0000 0.0000 0.1000 0.1000 0.1000 0.0000 0.0000 0.0000 0.0000 0.0000
0.0000 0.1000 0.0000 0.1000 0.1000 0.0000 0.0000 0.0000 0.0000 0.0000
0.0000 0.1000 0.0000 0.1000 0.1000 0.0000 0.0000 0.0000 0.0000 0.0000
0.0000 0.1000 0.1000 0.1000 0.1000 0.0000 0.0000 0.0000 0.0000 0.0000
0.0000 0.2000 0.0000 0.1000 0.1000 0.0000 0.0000 0.0000 0.0000 0.0000
0.0000 0.2000 0.1000 0.0000 0.2000 0.0000 0.0000 0.0000 0.0000 0.0000
0.0000 0.2000 0.0000 0.0000 0.1000 0.0000 0.0000 0.0000 0.0000 0.0000
0.0000 0.2000 0.1000 0.0000 0.1000 0.0000 0.0000 0.0000 0.0000 0.0000
0.0000 0.2000 0.0000 0.1000 0.1000 0.0000 0.0000 0.0000 0.0000 0.0000
0.0000 0.2000 0.0000 0.1000 0.1000 0.0000 0.0000 0.0000 0.0000 0.0000
0.0000 0.1000 0.0000 0.1000 0.1000 0.0000 0.0000 0.0000 0.0000 0.0000
0.0000 0.1000 0.0000 0.1000 0.1000 0.0000 0.0000 0.0000 0.0000 0.0000
0.0000 0.1000 0.1000 0.1000 0.2000 0.0000 0.0000 0.0000 0.0000 0.0000
0.0000 0.2000 0.0000 0.0000 0.1000 0.0000 0.0000 0.0000 0.0000 0.0000
0.0000 0.1000 0.1000 0.2000 0.1000 0.0000 0.0000 0.0000 0.0000 0.0000
0.0000 0.0000 0.2000 0.1000 0.1000 0.0000 0.0000 0.0000 0.0000 0.0000
0.0000 0.1000 0.0000 0.1000 0.2000 0.0000 0.0000 0.0000 0.0000 0.0000
0.0000 0.2000 0.0000 0.1000 0.2000 0.0000 0.0000 0.0000 0.0000 0.0000
0.0000 0.1000 0.0000 0.3000 0.1000 0.0000 0.0000 0.0000 0.0000 0.0000
0.0000 0.0000 0.0000 0.1000 0.1000 0.0000 0.0000 0.0000 0.0000 0.0000
0.0000 0.1000 0.1000 0.2000 0.1000 0.2000 0.0000 0.0000 0.0000 0.0000
0.0000 0.1000 0.1000 0.1000 0.1000 0.1000 0.0000 0.0000 0.0000 0.0000
0.0000 0.0000 0.0000 0.1000 0.1000 0.0000 0.0000 0.0000 0.0000 0.0000
0.0000 0.0000 0.1000 0.1000 0.1000 0.0000 0.0000 0.0000 0.0000 0.0000
0.0000 0.1000 0.2000 0.1000 0.1000 0.1000 0.0000 0.0000 0.0000 0.0000
0.0000 0.1000 0.1000 0.1000 0.1000 0.1000 0.0000 0.0000 0.0000 0.0000
0.0000 0.0000 0.1000 0.0000 0.2000 0.1000 0.0000 0.0000 0.0000 0.0000
0.0000 0.0000 0.1000 0.3000 0.1000 0.1000 0.0000 0.0000 0.0000 0.0000
0.0000 0.0000 0.2000 0.1000 0.1000 0.0000 0.0000 0.0000 0.0000 0.0000
0.0000 0.0000 0.1000 0.1000 0.1000 0.1000 0.0000 0.0000 0.0000 0.0000
0.0000 0.0000 0.2000 0.1000 0.1000 0.0000 0.0000 0.0000 0.0000 0.1000
0.0000 0.0000 0.1000 0.1000 0.2000 0.0000 0.0000 0.0000 0.0000 0.0000
0.0000 0.0000 0.0000 0.1000 0.2000 0.0000 0.0000 0.0000 0.0000 0.0000
