5.0000 15.0000 25.0000 35.0000 45.0000 55.0000 65.0000 75.0000 85.0000 95.0000 105.0000 115.0000 125.0000 135.0000 145.0000 155.0000 165.0000 175.0000 185.0000 195.0000
0.2000 0.3000 0.2000 0.1000 0.2000 0.2000 0.3000 0.2000 0.3000 0.3000 0.1000 0.1000 0.3000 0.2000 0.1000 0.2000 0.1000 0.3000 0.5000 0.4000
0.1000 0.2000 0.2000 0.0000 0.3000 0.2000 0.3000 0.3000 0.4000 0.3000 0.2000 0.2000 0.3000 0.0000 0.2000 0.1000 0.2000 0.3000 0.5000 0.3000
0.2000 0.2000 0.2000 0.4000 0.0000 0.2000 0.4000 0.2000 0.4000 0.2000 0.2000 0.2000 0.3000 0.0000 0.1000 0.2000 0.0000 0.3000 0.4000 0.1000
0.1000 0.2000 0.2000 0.0000 0.2000 0.2000 0.2000 0.2000 0.4000 0.2000 0.1000 0.3000 0.3000 0.1000 0.0000 0.4000 0.1000 0.3000 0.3000 0.3000
0.0000 0.3000 0.1000 0.1000 0.1000 0.2000 0.2000 0.1000 0.3000 0.1000 0.1000 0.2000 0.4000 0.1000 0.2000 0.3000 0.1000 0.2000 0.5000 0.6000
0.1000 0.1000 0.2000 0.2000 0.3000 0.2000 0.2000 0.2000 0.3000 0.1000 0.2000 0.2000 0.1000 0.1000 0.1000 0.5000 0.1000 0.2000 0.6000 0.3000
0.2000 0.1000 0.1000 0.2000 0.2000 0.3000 0.2000 0.2000 0.2000 0.2000 0.1000 0.2000 0.1000 0.0000 0.3000 0.3000 0.2000 0.3000 0.5000 0.2000
0.1000 0.3000 0.3000 0.2000 0.1000 0.1000 0.1000 0.1000 0.4000 0.1000 0.2000 0.2000 0.0000 0.1000 0.3000 0.3000 0.1000 0.4000 0.4000 0.2000
0.1000 0.2000 0.2000 0.2000 0.1000 0.0000 0.2000 0.2000 0.4000 0.0000 0.2000 0.2000 0.1000 0.1000 0.2000 0.5000 0.2000 0.4000 0.5000 0.1000
0.2000 0.3000 0.3000 0.2000 0.0000 0.4000 0.3000 0.1000 0.4000 0.0000 0.3000 0.2000 0.1000 0.1000 0.2000 0.3000 0.3000 0.3000 0.5000 0.3000
0.2000 0.2000 0.2000 0.1000 0.0000 0.3000 0.3000 0.3000 0.2000 0.0000 0.2000 0.1000 0.1000 0.1000 0.2000 0.5000 0.1000 0.6000 0.4000 0.2000
0.3000 0.2000 0.1000 0.1000 0.2000 0.2000 0.2000 0.3000 0.3000 0.0000 0.2000 0.3000 0.1000 0.1000 0.3000 0.4000 0.2000 0.5000 0.4000 0.2000
0.2000 0.3000 0.2000 0.1000 0.1000 0.4000 0.3000 0.1000 0.3000 0.0000 0.3000 0.2000 0.1000 0.2000 0.2000 0.2000 0.2000 0.3000 0.4000 0.2000
0.3000 0.2000 0.2000 0.1000 0.2000 0.4000 0.2000 0.2000 0.4000 0.0000 0.3000 0.2000 0.0000 0.2000 0.1000 0.4000 0.4000 0.2000 0.5000 0.2000
0.4000 0.1000 0.2000 0.2000 0.2000 0.3000 0.4000 0.3000 0.3000 0.1000 0.4000 0.2000 0.1000 0.2000 0.0000 0.3000 0.7000 0.1000 0.8000 0.1000
0.4000 0.2000 0.1000 0.2000 0.1000 0.2000 0.2000 0.3000 0.2000 0.0000 0.2000 0.2000 0.2000 0.2000 0.2000 0.4000 0.3000 0.1000 0.6000 0.1000
0.3000 0.1000 0.2000 0.1000 0.1000 0.3000 0.1000 0.0000 0.2000 0.0000 0.4000 0.2000 0.2000 0.2000 0.2000 0.4000 0.3000 0.0000 0.8000 0.1000
0.2000 0.5000 0.1000 0.1000 0.3000 0.3000 0.3000 0.2000 0.3000 0.1000 0.2000 0.3000 0.2000 0.2000 0.2000 0.1000 0.2000 0.3000 0.4000 0.1000
0.3000 0.3000 0.1000 0.0000 0.2000 0.3000 0.2000 0.2000 0.3000 0.2000 0.4000 0.4000 0.1000 0.2000 0.2000 0.5000 0.3000 0.2000 0.6000 0.2000
0.3000 0.2000 0.2000 0.0000 0.0000 0.2000 0.2000 0.2000 0.2000 0.0000 0.4000 0.3000 0.0000 0.2000 0.0000 0.5000 0.4000 0.3000 0.5000 0.2000
0.3000 0.1000 0.1000 0.2000 0.1000 0.2000 0.2000 0.3000 0.2000 0.1000 0.4000 0.3000 0.1000 0.1000 0.2000 0.4000 0.4000 0.2000 0.5000 0.2000
0.3000 0.0000 0.3000 0.0000 0.1000 0.3000 0.3000 0.4000 0.1000 0.2000 0.4000 0.3000 0.0000 0.1000 0.1000 0.4000 0.4000 0.2000 0.7000 0.3000
0.4000 0.1000 0.2000 0.2000 0.0000 0.2000 0.3000 0.4000 0.3000 0.2000 0.4000 0.4000 0.0000 0.3000 0.2000 0.3000 0.6000 0.1000 0.7000 0.2000
0.3000 0.3000 0.3000 0.2000 0.0000 0.3000 0.3000 0.4000 0.3000 0.4000 0.2000 0.4000 0.1000 0.3000 0.3000 0.3000 0.7000 0.1000 0.7000 0.2000
0.2000 0.4000 0.4000 0.3000 0.0000 0.2000 0.4000 0.2000 0.3000 0.1000 0.3000 0.4000 0.1000 0.1000 0.4000 0.5000 0.6000 0.2000 0.7000 0.3000
0.2000 0.4000 0.1000 0.2000 0.0000 0.3000 0.2000 0.3000 0.2000 0.1000 0.2000 0.4000 0.1000 0.1000 0.2000 0.8000 0.6000 0.4000 0.6000 0.2000
0.1000 0.4000 0.2000 0.4000 0.2000 0.3000 0.2000 0.4000 0.2000 0.2000 0.2000 0.3000 0.1000 0.3000 0.3000 0.4000 0.6000 0.4000 0.5000 0.3000
0.1000 0.5000 0.6000 0.2000 0.1000 0.4000 0.2000 0.4000 0.3000 0.1000 0.1000 0.3000 0.0000 0.2000 0.7000 0.5000 0.5000 0.3000 0.5000 0.2000
0.1000 0.2000 0.6000 0.2000 0.0000 0.2000 0.1000 0.2000 0.3000 0.4000 0.0000 0.4000 0.0000 0.3000 0.4000 0.4000 0.6000 0.2000 0.6000 0.2000
0.2000 0.3000 0.2000 0.2000 0.1000 0.2000 0.2000 0.3000 0.4000 0.1000 0.1000 0.4000 0.1000 0.5000 0.3000 0.4000 0.7000 0.5000 0.4000 0.2000
0.2000 0.2000 0.4000 0.1000 0.0000 0.2000 0.3000 0.3000 0.2000 0.3000 0.2000 0.4000 0.0000 0.4000 0.3000 0.4000 0.4000 0.6000 0.4000 0.3000
0.2000 0.0000 0.2000 0.2000 0.2000 0.2000 0.1000 0.4000 0.1000 0.2000 0.2000 0.5000 0.1000 0.3000 0.1000 0.5000 0.5000 0.4000 0.5000 0.3000
0.3000 0.0000 0.4000 0.1000 0.0000 0.2000 0.2000 0.3000 0.2000 0.2000 0.1000 0.4000 0.1000 0.3000 0.1000 0.3000 0.5000 0.4000 0.4000 0.4000
0.3000 0.0000 0.3000 0.3000 0.0000 0.2000 0.3000 0.4000 0.1000 0.3000 0.3000 0.4000 0.2000 0.3000 0.2000 0.5000 0.6000 0.4000 0.5000 0.3000
0.2000 0.1000 0.3000 0.5000 0.1000 0.4000 0.2000 0.4000 0.2000 0.3000 0.2000 0.5000 0.0000 0.2000 0.2000 0.4000 0.5000 0.4000 0.4000 0.2000
0.3000 0.1000 0.7000 0.2000 0.2000 0.1000 0.4000 0.5000 0.2000 0.3000 0.1000 0.3000 0.1000 0.2000 0.2000 0.5000 0.5000 0.4000 0.5000 0.3000
0.1000 0.1000 0.4000 0.4000 0.1000 0.0000 0.5000 0.4000 0.2000 0.3000 0.2000 0.3000 0.1000 0.3000 0.3000 0.4000 0.4000 0.3000 0.5000 0.2000
0.3000 0.0000 0.4000 0.2000 0.1000 0.1000 0.3000 0.4000 0.4000 0.2000 0.1000 0.4000 0.2000 0.2000 0.3000 0.5000 0.5000 0.4000 0.6000 0.2000
0.3000 0.2000 0.2000 0.3000 0.1000 0.0000 0.4000 0.5000 0.2000 0.1000 0.1000 0.2000 0.4000 0.3000 0.4000 0.2000 0.4000 0.5000 0.5000 0.3000
0.5000 0.2000 0.3000 0.5000 0.2000 0.0000 0.1000 0.3000 0.4000 0.3000 0.1000 0.3000 0.5000 0.3000 0.4000 0.3000 0.8000 0.3000 0.4000 0.3000
0.2000 0.2000 0.1000 0.3000 0.3000 0.1000 0.1000 0.3000 0.3000 0.4000 0.2000 0.3000 0.3000 0.4000 0.3000 0.6000 0.4000 0.4000 0.5000 0.3000
0.3000 0.3000 0.2000 0.3000 0.2000 0.1000 0.2000 0.1000 0.2000 0.4000 0.1000 0.3000 0.3000 0.2000 0.2000 0.5000 0.5000 0.2000 0.7000 0.3000
0.2000 0.3000 0.1000 0.3000 0.1000 0.2000 0.1000 0.4000 0.3000 0.4000 0.2000 0.2000 0.3000 0.2000 0.2000 0.8000 0.5000 0.3000 0.7000 0.2000
0.2000 0.2000 0.4000 0.4000 0.1000 0.1000 0.0000 0.4000 0.2000 0.2000 0.2000 0.3000 0.3000 0.1000 0.5000 0.4000 0.5000 0.3000 0.6000 0.6000
0.3000 0.0000 0.3000 0.3000 0.4000 0.2000 0.0000 0.2000 0.2000 0.2000 0.4000 0.4000 0.4000 0.1000 0.4000 0.6000 0.5000 0.5000 0.7000 0.3000
0.2000 0.1000 0.3000 0.2000 0.4000 0.2000 0.1000 0.3000 0.2000 0.2000 0.2000 0.1000 0.5000 0.2000 0.2000 0.4000 0.5000 0.6000 0.6000 0.3000
0.5000 0.2000 0.3000 0.1000 0.2000 0.1000 0.0000 0.4000 0.2000 0.3000 0.3000 0.3000 0.4000 0.3000 0.2000 0.4000 0.5000 0.6000 0.5000 0.3000
0.1000 0.3000 0.5000 0.1000 0.3000 0.3000 0.0000 0.3000 0.0000 0.3000 0.2000 0.3000 0.3000 0.4000 0.2000 0.2000 0.6000 0.4000 0.5000 0.2000
0.2000 0.2000 0.2000 0.3000 0.1000 0.1000 0.1000 0.2000 0.2000 0.3000 0.2000 0.4000 0.4000 0.7000 0.2000 0.2000 0.5000 0.2000 0.4000 0.5000
0.1000 0.3000 0.3000 0.3000 0.1000 0.6000 0.0000 0.3000 0.2000 0.3000 0.1000 0.2000 0.4000 0.5000 0.3000 0.3000 0.3000 0.4000 0.8000 0.2000
0.2000 0.2000 0.2000 0.3000 0.2000 0.4000 0.1000 0.1000 0.2000 0.3000 0.1000 0.2000 0.4000 0.4000 0.1000 0.3000 0.5000 0.4000 0.7000 0.1000
0.1000 0.2000 0.1000 0.4000 0.2000 0.2000 0.2000 0.2000 0.3000 0.4000 0.2000 0.2000 0.2000 0.3000 0.3000 0.3000 0.4000 0.5000 0.7000 0.2000
0.4000 0.2000 0.0000 0.4000 0.4000 0.3000 0.1000 0.3000 0.3000 0.2000 0.1000 0.1000 0.3000 0.5000 0.3000 0.4000 0.3000 0.4000 0.6000 0.2000
0.1000 0.2000 0.1000 0.2000 0.5000 0.2000 0.2000 0.5000 0.3000 0.4000 0.2000 0.1000 0.1000 0.5000 0.1000 0.4000 0.5000 0.7000 0.6000 0.1000
0.3000 0.0000 0.3000 0.3000 0.3000 0.2000 0.2000 0.4000 0.4000 0.2000 0.1000 0.1000 0.1000 0.3000 0.3000 0.3000 0.5000 0.7000 0.7000 0.4000
0.1000 0.1000 0.3000 0.5000 0.3000 0.2000 0.2000 0.2000 0.5000 0.3000 0.2000 0.1000 0.1000 0.4000 0.2000 0.3000 0.6000 1.0000 0.3000 0.5000
0.3000 0.2000 0.2000 0.4000 0.3000 0.2000 0.2000 0.2000 0.4000 0.3000 0.2000 0.1000 0.4000 0.2000 0.1000 0.5000 0.6000 0.8000 0.3000 0.2000
0.4000 0.0000 0.2000 0.4000 0.3000 0.3000 0.2000 0.1000 0.3000 0.6000 0.2000 0.1000 0.2000 0.5000 0.1000 0.3000 0.7000 1.0000 0.2000 0.3000
0.0000 0.2000 0.2000 0.7000 0.4000 0.1000 0.3000 0.1000 0.4000 0.4000 0.4000 0.2000 0.5000 0.4000 0.2000 0.2000 0.6000 0.5000 0.5000 0.5000
0.0000 0.3000 0.1000 0.5000 0.2000 0.2000 0.1000 0.2000 0.3000 0.3000 0.3000 0.1000 0.3000 0.2000 0.3000 0.5000 1.0000 0.7000 0.6000 0.2000
0.3000 0.1000 0.2000 0.5000 0.3000 0.2000 0.1000 0.2000 0.4000 0.4000 0.5000 0.1000 0.3000 0.3000 0.1000 0.2000 1.1000 0.4000 0.6000 0.2000
0.2000 0.1000 0.3000 0.6000 0.4000 0.2000 0.2000 0.1000 0.4000 0.3000 0.3000 0.1000 0.3000 0.5000 0.0000 0.2000 0.9000 0.8000 0.6000 0.1000
0.2000 0.2000 0.1000 0.5000 0.3000 0.3000 0.0000 0.4000 0.3000 0.5000 0.3000 0.3000 0.2000 0.4000 0.0000 0.3000 0.8000 0.5000 0.6000 0.3000
0.3000 0.2000 0.1000 0.3000 0.6000 0.3000 0.0000 0.1000 0.4000 0.5000 0.3000 0.1000 0.4000 0.5000 0.0000 0.4000 0.8000 0.4000 0.6000 0.5000
0.3000 0.1000 0.2000 0.4000 0.7000 0.3000 0.1000 0.1000 0.3000 0.3000 0.6000 0.0000 0.2000 0.4000 0.1000 0.4000 0.8000 0.6000 0.9000 0.3000
0.3000 0.1000 0.1000 0.4000 0.6000 0.2000 0.0000 0.0000 0.4000 0.4000 0.5000 0.1000 0.2000 0.3000 0.2000 0.6000 0.8000 0.4000 0.6000 0.2000
0.2000 0.3000 0.0000 0.8000 0.4000 0.3000 0.1000 0.1000 0.2000 0.5000 0.4000 0.2000 0.1000 0.6000 0.1000 0.6000 1.0000 0.4000 0.6000 0.2000
0.3000 0.2000 0.2000 0.2000 0.5000 0.4000 0.1000 0.0000 0.3000 0.5000 0.2000 0.2000 0.2000 0.6000 0.1000 0.7000 1.0000 0.6000 0.6000 0.2000
0.1000 0.4000 0.1000 0.5000 0.5000 0.2000 0.3000 0.0000 0.3000 0.5000 0.2000 0.2000 0.2000 0.4000 0.4000 0.4000 0.9000 0.9000 0.6000 0.3000
0.3000 0.2000 0.0000 0.4000 0.5000 0.4000 0.1000 0.2000 0.2000 0.5000 0.4000 0.2000 0.1000 0.6000 0.2000 0.4000 0.9000 0.7000 0.5000 0.3000
0.3000 0.1000 0.1000 0.3000 0.5000 0.5000 0.3000 0.2000 0.1000 0.5000 0.4000 0.1000 0.2000 0.5000 0.2000 0.5000 1.0000 0.6000 0.7000 0.2000
0.2000 0.1000 0.0000 0.1000 0.6000 0.3000 0.2000 0.2000 0.1000 0.3000 0.3000 0.2000 0.0000 0.5000 0.1000 0.6000 0.8000 0.5000 0.4000 0.3000
0.3000 0.1000 0.1000 0.3000 0.5000 0.3000 0.1000 0.3000 0.1000 0.5000 0.3000 0.2000 0.0000 0.5000 0.3000 0.5000 0.8000 0.8000 0.5000 0.3000
0.2000 0.5000 0.0000 0.2000 0.5000 0.4000 0.2000 0.2000 0.3000 0.4000 0.4000 0.3000 0.2000 0.3000 0.3000 0.7000 0.9000 0.9000 0.3000 0.5000
0.1000 0.3000 0.0000 0.1000 0.4000 0.5000 0.3000 0.0000 0.3000 0.4000 0.4000 0.2000 0.1000 0.4000 0.2000 0.8000 0.8000 0.7000 0.5000 0.3000
0.2000 0.3000 0.0000 0.1000 0.3000 0.6000 0.3000 0.1000 0.2000 0.5000 0.3000 0.2000 0.2000 0.4000 0.4000 0.6000 0.8000 0.5000 0.5000 0.2000
0.0000 0.4000 0.0000 0.2000 0.4000 0.5000 0.2000 0.1000 0.2000 0.5000 0.4000 0.3000 0.2000 0.2000 0.2000 0.7000 0.9000 0.7000 0.6000 0.2000
0.0000 0.4000 0.1000 0.0000 0.4000 0.5000 0.3000 0.4000 0.4000 0.5000 0.3000 0.2000 0.4000 0.2000 0.1000 0.7000 0.6000 0.7000 0.6000 0.2000
0.0000 0.3000 0.0000 0.0000 0.5000 0.6000 0.4000 0.3000 0.4000 0.4000 0.3000 0.3000 0.1000 0.2000 0.1000 0.2000 1.0000 0.7000 0.6000 0.2000
0.1000 0.4000 0.1000 0.0000 0.4000 0.5000 0.4000 0.3000 0.3000 0.2000 0.4000 0.1000 0.2000 0.2000 0.1000 0.3000 0.8000 0.8000 0.5000 0.4000
0.0000 0.4000 0.0000 0.1000 0.3000 0.5000 0.3000 0.2000 0.3000 0.3000 0.3000 0.2000 0.3000 0.3000 0.1000 0.5000 0.8000 0.9000 0.6000 0.5000
0.0000 0.3000 0.2000 0.0000 0.3000 0.5000 0.6000 0.4000 0.3000 0.4000 0.4000 0.3000 0.2000 0.3000 0.2000 0.4000 0.9000 0.9000 0.6000 0.4000
0.0000 0.3000 0.2000 0.0000 0.4000 0.5000 0.4000 0.2000 0.3000 0.4000 0.4000 0.2000 0.4000 0.2000 0.1000 0.4000 0.6000 0.7000 0.6000 0.6000
0.0000 0.3000 0.1000 0.0000 0.2000 0.3000 0.4000 0.2000 0.4000 0.2000 0.3000 0.2000 0.3000 0.2000 0.1000 0.5000 0.8000 0.7000 0.8000 0.3000
0.0000 0.4000 0.1000 0.0000 0.4000 0.4000 0.4000 0.3000 0.3000 0.1000 0.3000 0.0000 0.2000 0.4000 0.0000 0.4000 1.0000 0.9000 0.7000 0.3000
0.0000 0.4000 0.2000 0.0000 0.2000 0.5000 0.5000 0.2000 0.5000 0.5000 0.2000 0.3000 0.3000 0.2000 0.3000 0.2000 0.7000 0.9000 0.7000 0.4000
0.0000 0.1000 0.3000 0.1000 0.2000 0.3000 0.5000 0.3000 0.2000 0.3000 0.4000 0.2000 0.2000 0.3000 0.3000 0.5000 1.0000 0.6000 0.6000 0.4000
0.0000 0.2000 0.3000 0.1000 0.3000 0.3000 0.3000 0.6000 0.2000 0.3000 0.2000 0.4000 0.1000 0.2000 0.2000 0.4000 0.8000 0.8000 0.9000 0.4000
0.0000 0.2000 0.2000 0.2000 0.1000 0.4000 0.3000 0.4000 0.2000 0.6000 0.2000 0.3000 0.1000 0.2000 0.3000 0.4000 0.7000 0.8000 0.7000 0.5000
0.0000 0.2000 0.3000 0.3000 0.1000 0.4000 0.4000 0.3000 0.3000 0.3000 0.2000 0.2000 0.2000 0.2000 0.2000 0.5000 0.6000 1.0000 0.5000 0.7000
0.0000 0.2000 0.2000 0.2000 0.2000 0.4000 0.5000 0.3000 0.4000 0.5000 0.2000 0.3000 0.2000 0.2000 0.3000 0.5000 0.3000 1.0000 0.7000 0.5000
0.0000 0.2000 0.2000 0.1000 0.2000 0.5000 0.4000 0.4000 0.5000 0.5000 0.1000 0.1000 0.3000 0.2000 0.4000 0.5000 0.7000 1.0000 0.7000 0.3000
0.0000 0.2000 0.0000 0.1000 0.3000 0.4000 0.4000 0.4000 0.4000 0.2000 0.3000 0.0000 0.2000 0.2000 0.6000 0.3000 0.7000 0.9000 0.7000 0.2000
0.1000 0.1000 0.2000 0.1000 0.3000 0.3000 0.4000 0.4000 0.5000 0.4000 0.2000 0.0000 0.3000 0.1000 0.5000 0.2000 0.6000 0.7000 0.8000 0.3000
0.0000 0.2000 0.5000 0.1000 0.4000 0.3000 0.2000 0.4000 0.8000 0.5000 0.1000 0.1000 0.1000 0.1000 0.4000 0.1000 0.7000 0.8000 0.7000 0.3000
0.0000 0.1000 0.4000 0.1000 0.4000 0.4000 0.2000 0.5000 0.4000 0.5000 0.3000 0.2000 0.1000 0.2000 0.3000 0.3000 0.6000 1.0000 0.6000 0.2000
0.0000 0.1000 0.1000 0.1000 0.3000 0.2000 0.2000 0.5000 0.2000 0.4000 0.2000 0.2000 0.1000 0.2000 0.3000 0.4000 0.4000 0.9000 0.7000 0.3000
0.0000 0.2000 0.2000 0.2000 0.1000 0.4000 0.3000 0.3000 0.3000 0.6000 0.1000 0.1000 0.1000 0.2000 0.3000 0.4000 0.6000 1.0000 0.5000 0.3000
0.0000 0.0000 0.2000 0.1000 0.2000 0.2000 0.1000 0.3000 0.4000 0.5000 0.2000 0.1000 0.3000 0.1000 0.3000 0.6000 0.6000 0.9000 0.6000 0.4000
0.0000 0.2000 0.3000 0.1000 0.3000 0.4000 0.1000 0.3000 0.4000 0.6000 0.0000 0.1000 0.1000 0.2000 0.3000 0.4000 0.5000 0.7000 0.7000 0.4000
0.0000 0.2000 0.1000 0.1000 0.1000 0.5000 0.1000 0.2000 0.7000 0.3000 0.2000 0.0000 0.1000 0.2000 0.1000 0.4000 0.5000 0.9000 0.7000 0.5000
0.0000 0.3000 0.2000 0.0000 0.3000 0.3000 0.3000 0.4000 0.9000 0.3000 0.2000 0.0000 0.1000 0.1000 0.4000 0.1000 0.9000 0.6000 0.7000 0.4000
0.0000 0.1000 0.2000 0.0000 0.3000 0.4000 0.3000 0.5000 0.5000 0.3000 0.1000 0.1000 0.2000 0.1000 0.2000 0.2000 0.7000 0.7000 0.5000 0.3000
0.0000 0.3000 0.2000 0.0000 0.2000 0.5000 0.2000 0.3000 0.5000 0.2000 0.2000 0.1000 0.2000 0.0000 0.3000 0.2000 0.5000 0.7000 0.6000 0.4000
0.0000 0.1000 0.2000 0.0000 0.2000 0.3000 0.1000 0.4000 0.5000 0.3000 0.0000 0.0000 0.0000 0.0000 0.4000 0.3000 0.6000 0.9000 0.6000 0.3000
0.0000 0.0000 0.3000 0.0000 0.2000 0.4000 0.2000 0.4000 0.5000 0.2000 0.2000 0.1000 0.0000 0.0000 0.2000 0.3000 0.6000 0.9000 0.7000 0.2000
0.2000 0.1000 0.2000 0.2000 0.2000 0.3000 0.3000 0.5000 0.5000 0.4000 0.2000 0.0000 0.0000 0.0000 0.3000 0.2000 0.7000 0.7000 0.7000 0.3000
0.0000 0.0000 0.3000 0.0000 0.3000 0.3000 0.3000 0.5000 0.4000 0.3000 0.2000 0.0000 0.0000 0.0000 0.4000 0.2000 0.6000 0.5000 0.9000 0.2000
0.0000 0.0000 0.2000 0.0000 0.3000 0.3000 0.3000 0.4000 0.5000 0.3000 0.2000 0.1000 0.0000 0.0000 0.4000 0.1000 0.6000 0.6000 0.8000 0.2000
0.0000 0.0000 0.2000 0.1000 0.2000 0.4000 0.3000 0.4000 0.4000 0.3000 0.2000 0.0000 0.1000 0.0000 0.2000 0.1000 0.3000 0.7000 0.7000 0.5000
0.0000 0.1000 0.2000 0.1000 0.4000 0.3000 0.6000 0.6000 0.5000 0.3000 0.1000 0.2000 0.0000 0.0000 0.2000 0.1000 0.2000 0.8000 0.7000 0.4000
0.0000 0.1000 0.2000 0.2000 0.1000 0.4000 0.3000 0.5000 0.5000 0.2000 0.1000 0.0000 0.1000 0.0000 0.3000 0.2000 0.4000 0.6000 0.6000 0.6000
0.0000 0.1000 0.2000 0.2000 0.2000 0.4000 0.3000 0.5000 0.7000 0.3000 0.3000 0.1000 0.0000 0.0000 0.2000 0.3000 0.4000 0.6000 0.7000 0.5000
0.1000 0.1000 0.2000 0.1000 0.3000 0.5000 0.4000 0.3000 0.4000 0.3000 0.3000 0.1000 0.1000 0.0000 0.3000 0.2000 0.3000 0.4000 0.6000 0.5000
0.0000 0.1000 0.2000 0.1000 0.2000 0.4000 0.6000 0.2000 0.5000 0.2000 0.4000 0.1000 0.1000 0.0000 0.1000 0.2000 0.2000 0.5000 0.7000 0.3000
0.1000 0.1000 0.1000 0.2000 0.2000 0.5000 0.5000 0.3000 0.4000 0.4000 0.2000 0.2000 0.0000 0.1000 0.1000 0.3000 0.2000 0.6000 0.8000 0.5000
0.1000 0.1000 0.2000 0.2000 0.2000 0.3000 0.5000 0.4000 0.5000 0.4000 0.2000 0.2000 0.0000 0.1000 0.0000 0.4000 0.1000 0.6000 0.9000 0.3000
0.1000 0.1000 0.2000 0.0000 0.4000 0.4000 0.4000 0.2000 0.5000 0.2000 0.4000 0.1000 0.0000 0.1000 0.0000 0.3000 0.0000 0.5000 0.9000 0.3000
0.1000 0.1000 0.1000 0.2000 0.4000 0.4000 0.5000 0.3000 0.4000 0.2000 0.1000 0.1000 0.1000 0.1000 0.2000 0.3000 0.1000 0.5000 1.2000 0.3000
0.1000 0.1000 0.1000 0.1000 0.2000 0.4000 0.5000 0.4000 0.4000 0.2000 0.2000 0.1000 0.1000 0.1000 0.0000 0.4000 0.0000 0.4000 1.1000 0.4000
0.0000 0.2000 0.1000 0.1000 0.2000 0.3000 0.6000 0.4000 0.5000 0.2000 0.3000 0.0000 0.1000 0.0000 0.2000 0.2000 0.1000 0.5000 0.9000 0.5000
0.0000 0.1000 0.1000 0.1000 0.3000 0.4000 0.3000 0.4000 0.6000 0.2000 0.3000 0.0000 0.0000 0.0000 0.1000 0.2000 0.1000 0.5000 0.7000 0.5000
0.1000 0.2000 0.1000 0.2000 0.3000 0.3000 0.4000 0.4000 0.4000 0.3000 0.3000 0.0000 0.0000 0.1000 0.1000 0.3000 0.2000 0.5000 0.5000 0.6000
0.1000 0.2000 0.0000 0.3000 0.2000 0.3000 0.5000 0.3000 0.5000 0.3000 0.3000 0.0000 0.0000 0.1000 0.1000 0.4000 0.3000 0.8000 0.8000 0.5000
0.0000 0.1000 0.0000 0.2000 0.2000 0.4000 0.3000 0.6000 0.3000 0.2000 0.2000 0.0000 0.1000 0.0000 0.1000 0.5000 0.1000 0.3000 0.7000 0.5000
0.0000 0.2000 0.0000 0.1000 0.1000 0.3000 0.3000 0.4000 0.4000 0.1000 0.2000 0.0000 0.0000 0.0000 0.1000 0.4000 0.1000 0.4000 0.8000 0.4000
0.0000 0.1000 0.0000 0.2000 0.1000 0.1000 0.4000 0.6000 0.4000 0.1000 0.2000 0.0000 0.0000 0.0000 0.1000 0.4000 0.1000 0.3000 0.6000 0.6000
0.0000 0.1000 0.0000 0.2000 0.3000 0.2000 0.5000 0.7000 0.4000 0.2000 0.3000 0.0000 0.0000 0.0000 0.1000 0.4000 0.2000 0.2000 0.7000 0.3000
0.1000 0.2000 0.0000 0.2000 0.2000 0.2000 0.3000 0.7000 0.4000 0.3000 0.2000 0.1000 0.0000 0.0000 0.2000 0.0000 0.4000 0.2000 1.0000 0.4000
0.0000 0.2000 0.0000 0.0000 0.3000 0.1000 0.3000 0.8000 0.3000 0.0000 0.3000 0.1000 0.1000 0.1000 0.1000 0.3000 0.3000 0.3000 0.8000 0.4000
0.0000 0.1000 0.0000 0.1000 0.2000 0.1000 0.3000 0.8000 0.3000 0.1000 0.2000 0.0000 0.2000 0.0000 0.2000 0.3000 0.6000 0.3000 0.9000 0.6000
0.0000 0.1000 0.0000 0.1000 0.2000 0.2000 0.3000 0.8000 0.2000 0.2000 0.1000 0.0000 0.1000 0.0000 0.0000 0.3000 0.4000 0.5000 0.7000 0.7000
0.0000 0.1000 0.1000 0.1000 0.1000 0.2000 0.2000 0.7000 0.4000 0.2000 0.3000 0.0000 0.0000 0.0000 0.0000 0.2000 0.5000 0.4000 0.7000 0.5000
0.0000 0.1000 0.0000 0.2000 0.3000 0.2000 0.3000 0.6000 0.2000 0.2000 0.3000 0.0000 0.1000 0.2000 0.1000 0.1000 0.6000 0.4000 0.9000 0.5000
0.0000 0.1000 0.0000 0.3000 0.3000 0.1000 0.2000 0.4000 0.3000 0.3000 0.2000 0.0000 0.0000 0.1000 0.0000 0.1000 0.4000 0.4000 1.0000 0.6000
0.0000 0.1000 0.0000 0.0000 0.3000 0.2000 0.3000 0.3000 0.5000 0.5000 0.2000 0.0000 0.0000 0.1000 0.0000 0.1000 0.6000 0.5000 0.7000 0.3000
0.0000 0.1000 0.0000 0.1000 0.2000 0.3000 0.2000 0.4000 0.6000 0.3000 0.2000 0.0000 0.0000 0.1000 0.0000 0.1000 0.4000 0.5000 0.7000 0.5000
0.1000 0.0000 0.0000 0.0000 0.2000 0.3000 0.2000 0.5000 0.3000 0.3000 0.2000 0.0000 0.1000 0.1000 0.1000 0.1000 0.5000 0.4000 0.6000 0.4000
0.0000 0.1000 0.0000 0.0000 0.1000 0.4000 0.1000 0.4000 0.3000 0.4000 0.2000 0.0000 0.0000 0.0000 0.0000 0.1000 0.5000 0.5000 0.7000 0.5000
0.0000 0.1000 0.0000 0.0000 0.1000 0.3000 0.2000 0.5000 0.4000 0.4000 0.2000 0.1000 0.0000 0.0000 0.1000 0.1000 0.8000 0.5000 0.7000 0.3000
0.0000 0.1000 0.0000 0.1000 0.1000 0.4000 0.0000 0.4000 0.4000 0.4000 0.1000 0.0000 0.0000 0.1000 0.1000 0.2000 0.6000 0.6000 0.5000 0.4000
0.0000 0.0000 0.1000 0.0000 0.1000 0.2000 0.2000 0.6000 0.4000 0.6000 0.1000 0.0000 0.0000 0.0000 0.1000 0.1000 0.6000 0.6000 0.4000 0.2000
0.0000 0.0000 0.1000 0.1000 0.0000 0.4000 0.2000 0.7000 0.4000 0.7000 0.1000 0.1000 0.0000 0.0000 0.1000 0.1000 0.7000 0.6000 0.2000 0.4000
0.0000 0.0000 0.0000 0.2000 0.2000 0.4000 0.2000 0.7000 0.2000 0.6000 0.1000 0.1000 0.1000 0.0000 0.1000 0.2000 0.5000 0.7000 0.3000 0.3000
0.0000 0.0000 0.0000 0.1000 0.2000 0.4000 0.2000 0.5000 0.3000 0.4000 0.2000 0.1000 0.0000 0.0000 0.1000 0.2000 0.4000 0.6000 0.4000 0.4000
0.0000 0.0000 0.0000 0.1000 0.2000 0.1000 0.2000 0.7000 0.4000 0.3000 0.3000 0.1000 0.0000 0.0000 0.1000 0.1000 0.4000 0.7000 0.4000 0.4000
0.0000 0.0000 0.0000 0.1000 0.2000 0.1000 0.3000 0.4000 0.3000 0.4000 0.3000 0.1000 0.0000 0.0000 0.1000 0.2000 0.7000 0.7000 0.1000 0.3000
0.0000 0.0000 0.0000 0.1000 0.1000 0.2000 0.2000 0.4000 0.3000 0.4000 0.3000 0.1000 0.1000 0.0000 0.0000 0.3000 0.6000 0.7000 0.5000 0.3000
0.0000 0.0000 0.1000 0.0000 0.2000 0.2000 0.4000 0.5000 0.5000 0.4000 0.2000 0.1000 0.0000 0.0000 0.1000 0.2000 0.6000 0.5000 0.4000 0.2000
0.0000 0.0000 0.0000 0.0000 0.0000 0.2000 0.2000 0.2000 0.5000 0.4000 0.1000 0.1000 0.0000 0.0000 0.1000 0.2000 0.6000 0.6000 0.7000 0.4000
0.0000 0.0000 0.1000 0.0000 0.1000 0.1000 0.4000 0.2000 0.4000 0.2000 0.2000 0.2000 0.0000 0.0000 0.1000 0.2000 0.5000 0.7000 0.7000 0.3000
0.0000 0.0000 0.1000 0.0000 0.1000 0.2000 0.4000 0.4000 0.6000 0.2000 0.2000 0.1000 0.0000 0.0000 0.1000 0.2000 0.5000 0.5000 0.4000 0.3000
0.0000 0.0000 0.1000 0.1000 0.1000 0.2000 0.6000 0.5000 0.3000 0.2000 0.4000 0.2000 0.0000 0.0000 0.1000 0.3000 0.2000 0.8000 0.4000 0.3000
0.0000 0.0000 0.2000 0.0000 0.0000 0.3000 0.3000 0.4000 0.5000 0.3000 0.3000 0.2000 0.0000 0.0000 0.0000 0.2000 0.2000 1.0000 0.3000 0.4000
0.0000 0.0000 0.3000 0.0000 0.0000 0.2000 0.3000 0.4000 0.3000 0.4000 0.3000 0.1000 0.0000 0.0000 0.0000 0.2000 0.4000 0.6000 0.4000 0.4000
0.0000 0.0000 0.2000 0.0000 0.0000 0.3000 0.4000 0.2000 0.4000 0.3000 0.2000 0.0000 0.1000 0.0000 0.0000 0.0000 0.4000 0.9000 0.2000 0.6000
0.0000 0.0000 0.2000 0.0000 0.0000 0.3000 0.3000 0.3000 0.6000 0.3000 0.2000 0.1000 0.0000 0.0000 0.0000 0.1000 0.5000 0.8000 0.4000 0.5000
0.0000 0.0000 0.2000 0.0000 0.1000 0.2000 0.3000 0.3000 0.4000 0.2000 0.2000 0.1000 0.0000 0.0000 0.0000 0.1000 0.4000 0.9000 0.2000 0.5000
0.0000 0.0000 0.1000 0.0000 0.1000 0.3000 0.1000 0.3000 0.3000 0.2000 0.3000 0.1000 0.1000 0.1000 0.0000 0.2000 0.4000 0.8000 0.3000 0.3000
0.0000 0.0000 0.1000 0.0000 0.1000 0.2000 0.3000 0.5000 0.6000 0.2000 0.2000 0.1000 0.0000 0.1000 0.1000 0.3000 0.6000 0.8000 0.2000 0.5000
0.0000 0.0000 0.1000 0.0000 0.1000 0.1000 0.2000 0.3000 0.6000 0.3000 0.1000 0.1000 0.2000 0.1000 0.0000 0.1000 0.5000 0.4000 0.3000 0.5000
0.0000 0.0000 0.1000 0.0000 0.1000 0.2000 0.2000 0.5000 0.4000 0.4000 0.1000 0.0000 0.0000 0.0000 0.1000 0.2000 0.5000 0.4000 0.7000 0.6000
0.0000 0.0000 0.2000 0.0000 0.0000 0.3000 0.2000 0.2000 0.7000 0.4000 0.1000 0.1000 0.0000 0.1000 0.0000 0.1000 0.4000 0.5000 0.6000 0.7000
0.0000 0.0000 0.1000 0.0000 0.1000 0.3000 0.3000 0.1000 0.5000 0.4000 0.1000 0.2000 0.1000 0.1000 0.1000 0.0000 0.4000 0.4000 0.6000 0.8000
0.0000 0.0000 0.2000 0.0000 0.1000 0.3000 0.3000 0.3000 0.4000 0.5000 0.2000 0.1000 0.1000 0.0000 0.0000 0.1000 0.3000 0.7000 0.5000 0.3000
0.0000 0.0000 0.1000 0.0000 0.1000 0.3000 0.4000 0.2000 0.2000 0.3000 0.1000 0.1000 0.0000 0.0000 0.1000 0.2000 0.3000 0.6000 0.8000 0.5000
0.0000 0.0000 0.1000 0.0000 0.1000 0.3000 0.5000 0.1000 0.4000 0.2000 0.2000 0.0000 0.1000 0.1000 0.0000 0.0000 0.4000 0.6000 0.4000 0.5000
0.0000 0.0000 0.2000 0.0000 0.0000 0.2000 0.4000 0.4000 0.1000 0.4000 0.1000 0.1000 0.1000 0.2000 0.1000 0.1000 0.4000 0.4000 0.7000 0.3000
0.0000 0.1000 0.1000 0.0000 0.1000 0.3000 0.2000 0.4000 0.2000 0.2000 0.1000 0.1000 0.0000 0.1000 0.0000 0.1000 0.2000 0.5000 0.6000 0.4000
0.0000 0.0000 0.1000 0.0000 0.1000 0.2000 0.4000 0.5000 0.3000 0.3000 0.1000 0.1000 0.0000 0.3000 0.0000 0.1000 0.1000 0.4000 0.4000 0.7000
0.0000 0.0000 0.1000 0.0000 0.2000 0.2000 0.4000 0.3000 0.2000 0.4000 0.0000 0.1000 0.1000 0.1000 0.0000 0.1000 0.2000 0.5000 0.6000 0.6000
0.0000 0.0000 0.1000 0.1000 0.1000 0.3000 0.3000 0.2000 0.3000 0.3000 0.3000 0.1000 0.1000 0.0000 0.0000 0.0000 0.1000 0.6000 0.6000 0.4000
0.0000 0.0000 0.1000 0.1000 0.3000 0.2000 0.4000 0.3000 0.4000 0.4000 0.2000 0.1000 0.2000 0.0000 0.0000 0.0000 0.2000 0.4000 0.6000 0.4000
0.0000 0.0000 0.3000 0.0000 0.2000 0.1000 0.3000 0.4000 0.2000 0.5000 0.2000 0.1000 0.2000 0.1000 0.0000 0.0000 0.0000 0.4000 0.8000 0.6000
0.0000 0.0000 0.2000 0.0000 0.2000 0.3000 0.1000 0.4000 0.4000 0.1000 0.2000 0.1000 0.0000 0.0000 0.1000 0.0000 0.0000 0.2000 0.7000 0.6000
0.0000 0.0000 0.1000 0.1000 0.1000 0.3000 0.1000 0.3000 0.5000 0.2000 0.1000 0.2000 0.2000 0.1000 0.0000 0.0000 0.0000 0.3000 0.6000 0.6000
0.0000 0.0000 0.2000 0.1000 0.2000 0.1000 0.1000 0.2000 0.5000 0.2000 0.1000 0.0000 0.3000 0.0000 0.1000 0.0000 0.0000 0.2000 0.5000 0.7000
0.0000 0.0000 0.1000 0.2000 0.1000 0.2000 0.2000 0.2000 0.5000 0.2000 0.1000 0.1000 0.4000 0.0000 0.2000 0.1000 0.3000 0.4000 0.6000 0.5000
0.0000 0.0000 0.2000 0.1000 0.1000 0.1000 0.3000 0.2000 0.4000 0.2000 0.1000 0.1000 0.1000 0.3000 0.0000 0.0000 0.1000 0.2000 0.5000 0.4000
0.0000 0.0000 0.2000 0.1000 0.1000 0.1000 0.1000 0.3000 0.4000 0.2000 0.1000 0.0000 0.2000 0.2000 0.2000 0.1000 0.1000 0.3000 0.4000 0.6000
0.0000 0.0000 0.1000 0.1000 0.1000 0.1000 0.1000 0.2000 0.5000 0.1000 0.2000 0.0000 0.3000 0.3000 0.0000 0.0000 0.2000 0.2000 0.5000 0.6000
0.0000 0.1000 0.0000 0.0000 0.0000 0.0000 0.2000 0.3000 0.5000 0.2000 0.2000 0.1000 0.2000 0.1000 0.0000 0.0000 0.0000 0.1000 0.6000 0.7000
0.0000 0.1000 0.0000 0.1000 0.1000 0.1000 0.1000 0.3000 0.4000 0.2000 0.0000 0.1000 0.4000 0.1000 0.1000 0.0000 0.1000 0.3000 0.5000 0.8000
0.0000 0.1000 0.0000 0.0000 0.0000 0.2000 0.1000 0.3000 0.5000 0.1000 0.2000 0.1000 0.1000 0.0000 0.1000 0.0000 0.2000 0.2000 0.6000 0.7000
0.0000 0.0000 0.1000 0.1000 0.1000 0.2000 0.1000 0.3000 0.6000 0.2000 0.2000 0.1000 0.2000 0.1000 0.1000 0.0000 0.4000 0.1000 0.5000 0.5000
0.0000 0.0000 0.1000 0.0000 0.0000 0.3000 0.0000 0.3000 0.6000 0.2000 0.1000 0.2000 0.2000 0.2000 0.1000 0.0000 0.0000 0.3000 0.4000 0.7000
0.0000 0.0000 0.1000 0.0000 0.1000 0.4000 0.1000 0.4000 0.3000 0.0000 0.2000 0.1000 0.2000 0.2000 0.0000 0.0000 0.2000 0.1000 0.5000 0.6000
0.0000 0.0000 0.1000 0.0000 0.1000 0.1000 0.1000 0.2000 0.3000 0.1000 0.2000 0.2000 0.1000 0.2000 0.0000 0.0000 0.1000 0.1000 0.6000 0.6000
0.0000 0.0000 0.2000 0.0000 0.1000 0.1000 0.3000 0.4000 0.3000 0.0000 0.2000 0.5000 0.0000 0.1000 0.0000 0.1000 0.1000 0.1000 0.5000 0.4000
0.0000 0.0000 0.2000 0.0000 0.1000 0.0000 0.3000 0.4000 0.2000 0.1000 0.2000 0.3000 0.1000 0.2000 0.0000 0.1000 0.0000 0.2000 0.4000 0.4000
0.0000 0.0000 0.1000 0.0000 0.1000 0.1000 0.1000 0.3000 0.3000 0.1000 0.2000 0.1000 0.1000 0.1000 0.1000 0.0000 0.0000 0.1000 0.3000 0.4000
0.0000 0.0000 0.0000 0.0000 0.3000 0.1000 0.1000 0.2000 0.3000 0.2000 0.2000 0.1000 0.1000 0.1000 0.2000 0.0000 0.1000 0.2000 0.3000 0.6000
0.0000 0.0000 0.0000 0.0000 0.2000 0.1000 0.1000 0.3000 0.5000 0.2000 0.1000 0.3000 0.3000 0.2000 0.0000 0.1000 0.0000 0.1000 0.2000 0.6000
0.0000 0.0000 0.0000 0.0000 0.2000 0.1000 0.2000 0.3000 0.3000 0.4000 0.1000 0.3000 0.3000 0.1000 0.1000 0.2000 0.2000 0.3000 0.1000 0.6000
0.0000 0.1000 0.1000 0.0000 0.2000 0.0000 0.0000 0.2000 0.2000 0.5000 0.2000 0.3000 0.1000 0.1000 0.1000 0.1000 0.0000 0.0000 0.2000 0.2000
0.0000 0.0000 0.0000 0.0000 0.1000 0.2000 0.0000 0.3000 0.4000 0.5000 0.1000 0.2000 0.2000 0.2000 0.0000 0.0000 0.1000 0.0000 0.2000 0.4000
0.0000 0.0000 0.0000 0.1000 0.1000 0.1000 0.1000 0.2000 0.4000 0.5000 0.4000 0.1000 0.2000 0.0000 0.0000 0.0000 0.0000 0.1000 0.2000 0.5000
0.0000 0.1000 0.0000 0.1000 0.2000 0.0000 0.1000 0.3000 0.3000 0.6000 0.2000 0.3000 0.0000 0.2000 0.0000 0.0000 0.0000 0.0000 0.3000 0.5000
0.0000 0.0000 0.1000 0.1000 0.2000 0.0000 0.0000 0.3000 0.4000 0.6000 0.2000 0.1000 0.2000 0.1000 0.0000 0.0000 0.0000 0.0000 0.3000 0.4000
