5.000000000000000000e+00 1.500000000000000000e+01 2.500000000000000000e+01 3.500000000000000000e+01 4.500000000000000000e+01 5.500000000000000000e+01 6.500000000000000000e+01 7.500000000000000000e+01 8.500000000000000000e+01 9.500000000000000000e+01 1.050000000000000000e+02 1.150000000000000000e+02 1.250000000000000000e+02 1.350000000000000000e+02 1.450000000000000000e+02 1.550000000000000000e+02
2.090909090909091050e-01 3.727272727272727959e-01 4.363636363636363980e-01 3.727272727272727959e-01 3.454545454545455141e-01 3.090909090909091383e-01 2.000000000000000111e-01 4.909090909090909061e-01 4.272727272727273595e-01 4.090909090909091717e-01 4.272727272727273595e-01 3.818181818181818898e-01 2.636363636363636687e-01 9.090909090909092549e-02 1.363636363636363535e-01 1.363636363636363813e-01
1.818181818181818232e-01 3.545454545454546080e-01 4.272727272727273595e-01 3.545454545454546080e-01 3.454545454545455141e-01 3.000000000000000444e-01 2.090909090909091050e-01 4.909090909090909061e-01 4.363636363636364535e-01 4.363636363636364535e-01 4.272727272727273040e-01 3.636363636363637020e-01 2.909090909090909505e-01 8.181818181818183155e-02 1.454545454545454475e-01 1.272727272727272874e-01
1.545454545454545692e-01 3.272727272727273262e-01 4.363636363636364535e-01 3.454545454545455141e-01 3.454545454545455141e-01 3.181818181818182323e-01 2.272727272727272929e-01 4.909090909090909061e-01 4.272727272727273595e-01 4.454545454545455474e-01 4.090909090909091161e-01 3.363636363636364202e-01 3.090909090909091383e-01 7.272727272727273762e-02 1.454545454545454752e-01 1.000000000000000194e-01
1.454545454545454475e-01 3.181818181818182323e-01 4.090909090909091161e-01 3.454545454545455141e-01 3.454545454545455141e-01 3.181818181818182323e-01 2.454545454545454808e-01 4.636363636363637353e-01 4.363636363636364535e-01 4.363636363636364535e-01 3.818181818181818898e-01 3.363636363636364202e-01 3.363636363636364202e-01 5.454545454545454974e-02 1.454545454545454752e-01 8.181818181818183155e-02
1.272727272727272874e-01 3.181818181818182323e-01 3.909090909090909838e-01 3.363636363636364202e-01 3.545454545454545525e-01 3.000000000000000444e-01 2.545454545454545747e-01 4.545454545454545858e-01 4.363636363636364535e-01 4.454545454545455474e-01 3.818181818181818898e-01 3.363636363636364202e-01 3.545454545454546080e-01 4.545454545454546275e-02 1.454545454545454752e-01 7.272727272727273762e-02
1.090909090909091134e-01 3.272727272727273262e-01 3.818181818181818898e-01 3.363636363636364202e-01 3.909090909090909838e-01 2.727272727272727626e-01 2.727272727272727626e-01 4.636363636363636798e-01 4.363636363636364535e-01 4.727272727272728292e-01 3.818181818181818898e-01 3.454545454545455141e-01 3.727272727272727959e-01 2.727272727272727487e-02 1.363636363636363813e-01 6.363636363636364368e-02
9.090909090909092549e-02 3.181818181818182323e-01 3.636363636363637020e-01 3.636363636363637020e-01 4.272727272727273595e-01 2.818181818181818565e-01 2.727272727272727626e-01 4.818181818181819231e-01 4.545454545454545858e-01 4.818181818181819231e-01 3.909090909090909838e-01 3.363636363636364202e-01 3.636363636363637020e-01 3.636363636363636881e-02 1.363636363636363813e-01 6.363636363636364368e-02
9.090909090909091161e-02 3.181818181818182323e-01 3.272727272727273262e-01 3.909090909090909838e-01 4.454545454545455474e-01 2.909090909090909505e-01 2.909090909090909505e-01 4.909090909090910171e-01 4.818181818181819231e-01 4.818181818181819231e-01 3.909090909090909838e-01 3.272727272727273262e-01 3.545454545454546080e-01 3.636363636363636881e-02 1.090909090909091134e-01 7.272727272727273762e-02
1.272727272727272874e-01 3.090909090909091383e-01 3.000000000000000444e-01 4.363636363636364535e-01 4.454545454545455474e-01 3.090909090909091383e-01 3.272727272727273262e-01 4.727272727272728292e-01 5.090909090909091494e-01 4.727272727272728292e-01 3.909090909090909283e-01 3.636363636363637020e-01 3.454545454545455141e-01 3.636363636363636881e-02 9.090909090909092549e-02 5.454545454545455668e-02
1.727272727272727293e-01 3.000000000000000444e-01 2.727272727272727626e-01 4.363636363636364535e-01 4.545454545454546413e-01 3.181818181818182323e-01 3.363636363636364202e-01 4.636363636363637353e-01 5.090909090909091494e-01 4.818181818181819231e-01 4.000000000000000777e-01 3.818181818181818898e-01 3.181818181818182323e-01 2.727272727272727487e-02 9.090909090909092549e-02 3.636363636363636881e-02
2.090909090909091050e-01 3.090909090909091383e-01 2.727272727272727626e-01 4.636363636363636243e-01 4.727272727272728292e-01 3.545454545454546080e-01 3.454545454545455141e-01 4.727272727272728292e-01 5.090909090909091494e-01 4.818181818181819231e-01 4.181818181818182101e-01 4.090909090909091717e-01 2.909090909090909505e-01 6.363636363636364368e-02 9.090909090909092549e-02 2.727272727272727487e-02
2.272727272727272929e-01 2.909090909090909505e-01 2.909090909090909505e-01 5.000000000000000000e-01 4.727272727272728292e-01 3.636363636363636465e-01 3.727272727272727959e-01 5.090909090909091494e-01 5.000000000000001110e-01 4.909090909090910171e-01 4.181818181818182101e-01 4.181818181818182656e-01 2.727272727272727626e-01 8.181818181818183155e-02 9.090909090909092549e-02 3.636363636363636881e-02
2.545454545454545747e-01 3.181818181818182323e-01 2.636363636363636687e-01 5.181818181818181879e-01 4.909090909090909616e-01 3.454545454545455141e-01 3.818181818181818898e-01 5.272727272727273373e-01 5.000000000000000000e-01 4.636363636363636798e-01 4.090909090909091161e-01 4.272727272727273595e-01 2.363636363636363869e-01 9.090909090909092549e-02 7.272727272727273762e-02 5.454545454545454974e-02
2.818181818181818565e-01 3.363636363636364202e-01 2.545454545454545747e-01 5.454545454545454142e-01 5.090909090909091494e-01 3.363636363636363646e-01 3.909090909090909838e-01 5.545454545454546746e-01 5.181818181818181879e-01 4.545454545454546413e-01 4.272727272727273595e-01 4.181818181818182656e-01 2.181818181818182267e-01 1.090909090909091134e-01 6.363636363636364368e-02 6.363636363636364368e-02
3.000000000000000444e-01 3.181818181818182323e-01 2.545454545454545747e-01 5.636363636363636020e-01 5.181818181818182989e-01 3.363636363636363646e-01 4.000000000000000777e-01 5.636363636363637131e-01 5.181818181818181879e-01 4.545454545454546413e-01 4.545454545454546413e-01 4.000000000000000777e-01 2.090909090909091328e-01 1.272727272727272874e-01 5.454545454545455668e-02 8.181818181818183155e-02
3.181818181818182323e-01 3.181818181818182323e-01 2.545454545454545747e-01 5.909090909090909394e-01 5.090909090909091494e-01 3.636363636363636465e-01 4.000000000000000777e-01 5.909090909090910504e-01 5.181818181818181879e-01 4.545454545454546413e-01 4.363636363636364535e-01 3.909090909090909838e-01 1.818181818181818510e-01 1.363636363636363813e-01 5.454545454545455668e-02 1.000000000000000194e-01
3.545454545454546080e-01 3.000000000000000444e-01 2.727272727272727626e-01 6.000000000000000888e-01 4.909090909090910171e-01 3.727272727272727959e-01 4.454545454545455474e-01 5.727272727272727515e-01 5.090909090909091494e-01 4.363636363636364535e-01 4.272727272727273595e-01 3.727272727272727959e-01 1.454545454545454752e-01 1.363636363636363813e-01 5.454545454545455668e-02 1.181818181818182073e-01
3.909090909090909838e-01 3.181818181818182323e-01 2.545454545454545747e-01 5.909090909090909394e-01 4.818181818181818676e-01 4.000000000000000777e-01 4.727272727272728292e-01 5.727272727272727515e-01 4.818181818181819231e-01 4.363636363636364535e-01 3.818181818181818898e-01 3.727272727272727959e-01 1.454545454545454752e-01 1.363636363636363813e-01 5.454545454545455668e-02 1.272727272727272874e-01
3.818181818181818898e-01 3.363636363636364202e-01 2.727272727272727626e-01 5.727272727272727515e-01 4.909090909090909616e-01 4.000000000000000777e-01 5.181818181818181879e-01 5.818181818181819009e-01 4.727272727272728292e-01 4.363636363636364535e-01 3.727272727272727404e-01 3.454545454545455141e-01 1.363636363636363813e-01 1.545454545454545692e-01 5.454545454545455668e-02 1.363636363636363813e-01
3.545454545454546080e-01 3.363636363636364202e-01 2.727272727272727626e-01 5.545454545454546746e-01 5.090909090909091494e-01 4.000000000000000777e-01 5.363636363636363757e-01 5.727272727272727515e-01 4.636363636363636798e-01 4.636363636363637353e-01 3.545454545454546080e-01 3.090909090909091383e-01 1.363636363636363813e-01 1.545454545454545692e-01 4.545454545454546275e-02 1.545454545454545692e-01
3.181818181818182323e-01 3.272727272727273262e-01 3.181818181818182323e-01 5.636363636363636020e-01 5.272727272727273373e-01 4.090909090909091717e-01 5.545454545454545636e-01 5.818181818181817899e-01 4.727272727272728292e-01 4.454545454545455474e-01 3.545454545454546080e-01 2.636363636363636687e-01 1.363636363636363813e-01 1.545454545454545692e-01 4.545454545454546275e-02 1.727272727272727570e-01
2.909090909090909505e-01 3.272727272727273262e-01 3.090909090909091383e-01 5.454545454545454142e-01 5.272727272727273373e-01 4.000000000000000777e-01 6.000000000000000888e-01 5.636363636363637131e-01 4.727272727272728292e-01 4.454545454545455474e-01 3.545454545454546080e-01 2.272727272727273207e-01 1.454545454545454752e-01 1.272727272727272874e-01 3.636363636363636881e-02 1.909090909090909449e-01
2.727272727272727626e-01 3.363636363636364202e-01 3.090909090909091383e-01 5.454545454545455252e-01 5.181818181818182989e-01 4.272727272727273595e-01 6.181818181818182767e-01 5.363636363636363757e-01 4.818181818181819231e-01 4.545454545454546413e-01 3.545454545454546080e-01 1.909090909090909449e-01 1.454545454545454752e-01 1.181818181818182073e-01 2.727272727272727487e-02 1.909090909090909449e-01
2.545454545454545747e-01 3.363636363636364202e-01 3.363636363636363646e-01 5.636363636363636020e-01 5.181818181818182989e-01 4.545454545454545858e-01 6.636363636363636909e-01 5.181818181818181879e-01 4.818181818181819231e-01 4.636363636363637353e-01 3.636363636363637020e-01 1.636363636363636354e-01 1.454545454545454752e-01 1.000000000000000194e-01 2.727272727272727487e-02 1.909090909090909449e-01
2.181818181818182267e-01 3.454545454545455141e-01 3.727272727272727959e-01 5.545454545454545636e-01 5.000000000000001110e-01 4.727272727272727737e-01 6.545454545454545414e-01 4.818181818181818121e-01 4.818181818181819231e-01 4.909090909090910171e-01 3.363636363636364202e-01 1.454545454545454475e-01 1.454545454545454752e-01 9.090909090909092549e-02 3.636363636363636881e-02 2.000000000000000389e-01
2.181818181818182267e-01 3.545454545454546080e-01 4.181818181818182101e-01 5.272727272727272263e-01 4.909090909090909616e-01 5.000000000000001110e-01 6.545454545454545414e-01 4.818181818181818676e-01 4.636363636363637353e-01 4.727272727272728292e-01 3.272727272727273262e-01 1.363636363636363813e-01 1.363636363636363813e-01 8.181818181818183155e-02 3.636363636363636881e-02 2.000000000000000389e-01
2.181818181818182267e-01 3.545454545454546080e-01 4.454545454545454364e-01 5.000000000000000000e-01 4.909090909090909616e-01 5.272727272727273373e-01 6.727272727272727293e-01 4.545454545454545858e-01 4.545454545454546413e-01 4.636363636363637353e-01 3.181818181818182323e-01 1.181818181818181934e-01 1.363636363636363813e-01 9.090909090909092549e-02 2.727272727272727487e-02 1.909090909090909449e-01
1.727272727272727570e-01 3.818181818181818898e-01 4.454545454545454919e-01 5.000000000000000000e-01 5.181818181818181879e-01 5.636363636363636020e-01 6.454545454545453920e-01 4.545454545454545858e-01 4.727272727272728292e-01 4.272727272727273595e-01 2.909090909090909505e-01 1.181818181818181934e-01 1.363636363636363813e-01 1.090909090909091134e-01 2.727272727272727487e-02 1.909090909090909449e-01
1.545454545454545692e-01 3.909090909090909838e-01 4.909090909090910171e-01 4.909090909090909616e-01 5.545454545454545636e-01 5.636363636363636020e-01 6.363636363636362425e-01 4.454545454545455474e-01 4.818181818181819231e-01 4.090909090909091161e-01 2.818181818181818565e-01 1.181818181818181795e-01 1.363636363636363813e-01 1.181818181818182073e-01 2.727272727272727487e-02 1.909090909090909449e-01
1.454545454545454752e-01 4.181818181818182656e-01 5.363636363636364868e-01 5.000000000000000000e-01 5.727272727272727515e-01 6.090909090909091272e-01 5.818181818181817899e-01 4.272727272727273595e-01 4.727272727272728292e-01 3.909090909090909283e-01 2.727272727272727626e-01 1.272727272727272596e-01 1.454545454545454752e-01 1.272727272727272874e-01 3.636363636363636881e-02 1.818181818181818510e-01
1.272727272727272874e-01 4.363636363636364535e-01 5.545454545454545636e-01 4.818181818181818676e-01 5.727272727272727515e-01 6.181818181818182767e-01 5.545454545454546746e-01 4.363636363636364535e-01 4.909090909090909616e-01 3.727272727272727404e-01 2.636363636363636687e-01 1.363636363636363535e-01 1.363636363636363813e-01 1.454545454545454752e-01 5.454545454545454974e-02 1.818181818181818510e-01
1.454545454545454752e-01 4.636363636363637353e-01 5.636363636363636020e-01 5.000000000000001110e-01 5.818181818181817899e-01 6.363636363636363535e-01 5.545454545454546746e-01 4.272727272727273595e-01 4.818181818181818121e-01 3.636363636363636465e-01 2.545454545454545747e-01 1.454545454545454475e-01 1.454545454545454752e-01 1.545454545454545692e-01 6.363636363636364368e-02 1.818181818181818510e-01
1.454545454545454752e-01 4.545454545454546413e-01 5.909090909090909394e-01 4.818181818181818676e-01 5.727272727272726405e-01 6.545454545454545414e-01 5.363636363636364868e-01 4.636363636363637353e-01 4.636363636363637353e-01 3.363636363636364202e-01 2.454545454545455085e-01 1.636363636363636354e-01 1.454545454545454752e-01 1.727272727272727570e-01 7.272727272727273762e-02 1.818181818181818510e-01
1.636363636363636631e-01 4.454545454545454919e-01 6.181818181818181657e-01 4.909090909090909616e-01 5.909090909090908283e-01 6.454545454545455030e-01 5.363636363636363757e-01 4.636363636363637353e-01 4.727272727272727737e-01 3.090909090909091383e-01 2.363636363636364146e-01 1.818181818181818232e-01 1.363636363636363813e-01 1.909090909090909449e-01 7.272727272727273762e-02 1.818181818181818510e-01
1.727272727272727570e-01 4.363636363636363980e-01 6.181818181818181657e-01 4.818181818181819231e-01 5.999999999999999778e-01 6.818181818181818787e-01 5.000000000000001110e-01 4.818181818181819231e-01 4.545454545454546413e-01 2.818181818181818565e-01 2.181818181818182267e-01 1.909090909090909172e-01 1.454545454545454752e-01 2.090909090909091328e-01 8.181818181818183155e-02 1.727272727272727570e-01
1.818181818181818510e-01 4.181818181818182656e-01 5.818181818181817899e-01 5.181818181818181879e-01 6.272727272727272041e-01 6.909090909090909172e-01 5.000000000000001110e-01 5.181818181818182989e-01 4.000000000000000777e-01 2.818181818181818565e-01 1.909090909090909449e-01 2.000000000000000389e-01 1.454545454545454752e-01 2.090909090909091328e-01 8.181818181818183155e-02 1.727272727272727570e-01
1.545454545454545692e-01 4.090909090909091717e-01 5.545454545454544526e-01 5.454545454545455252e-01 6.454545454545453920e-01 6.909090909090909172e-01 5.454545454545455252e-01 5.545454545454545636e-01 3.818181818181818343e-01 3.000000000000000444e-01 1.636363636363636631e-01 1.818181818181818510e-01 1.545454545454545692e-01 2.181818181818182267e-01 1.000000000000000194e-01 1.636363636363636631e-01
1.454545454545454752e-01 3.909090909090909838e-01 5.454545454545455252e-01 5.727272727272727515e-01 6.545454545454544304e-01 6.909090909090909172e-01 5.545454545454545636e-01 6.000000000000000888e-01 3.636363636363637020e-01 3.000000000000000444e-01 1.545454545454545692e-01 1.636363636363636631e-01 1.727272727272727570e-01 2.090909090909091328e-01 1.181818181818182073e-01 1.727272727272727570e-01
1.545454545454545692e-01 3.636363636363637020e-01 5.636363636363636020e-01 5.727272727272727515e-01 6.454545454545452809e-01 6.909090909090909172e-01 5.818181818181817899e-01 6.272727272727273151e-01 3.272727272727273262e-01 3.363636363636364202e-01 1.545454545454545692e-01 1.454545454545454752e-01 1.909090909090909449e-01 2.090909090909091328e-01 1.272727272727272874e-01 1.727272727272727570e-01
1.363636363636363813e-01 3.363636363636364202e-01 5.818181818181819009e-01 5.909090909090909394e-01 5.909090909090907173e-01 6.909090909090909172e-01 6.090909090909091272e-01 6.454545454545455030e-01 3.181818181818182323e-01 3.454545454545455141e-01 1.454545454545454752e-01 1.454545454545454752e-01 1.818181818181818510e-01 2.000000000000000111e-01 1.454545454545454752e-01 1.636363636363636631e-01
1.272727272727272874e-01 3.000000000000000444e-01 5.909090909090909394e-01 5.909090909090909394e-01 5.636363636363636020e-01 6.727272727272727293e-01 6.545454545454545414e-01 6.818181818181818787e-01 3.181818181818182323e-01 3.545454545454546080e-01 1.545454545454545692e-01 1.636363636363636631e-01 1.545454545454545414e-01 1.818181818181818510e-01 1.454545454545454752e-01 1.636363636363636631e-01
1.272727272727272874e-01 3.000000000000000444e-01 5.909090909090909394e-01 5.999999999999999778e-01 5.545454545454545636e-01 6.818181818181817677e-01 6.909090909090910282e-01 7.181818181818181435e-01 2.818181818181818565e-01 3.545454545454546080e-01 1.545454545454545692e-01 1.727272727272727570e-01 1.727272727272727293e-01 1.818181818181818510e-01 1.545454545454545692e-01 1.636363636363636631e-01
1.272727272727272874e-01 2.818181818181818565e-01 5.818181818181819009e-01 5.999999999999999778e-01 5.272727272727273373e-01 6.909090909090909172e-01 6.909090909090910282e-01 7.363636363636363313e-01 2.727272727272727626e-01 3.636363636363637020e-01 1.454545454545454752e-01 2.000000000000000389e-01 1.727272727272727293e-01 1.818181818181818510e-01 1.909090909090909172e-01 1.545454545454545692e-01
1.181818181818181934e-01 3.000000000000000444e-01 5.818181818181817899e-01 6.272727272727273151e-01 5.363636363636363757e-01 6.727272727272727293e-01 7.090909090909092161e-01 7.181818181818182545e-01 2.727272727272727626e-01 3.636363636363637020e-01 1.454545454545454752e-01 2.181818181818181990e-01 1.818181818181818232e-01 1.727272727272727570e-01 2.000000000000000111e-01 1.454545454545454752e-01
1.090909090909090995e-01 3.363636363636364202e-01 5.545454545454545636e-01 6.181818181818182767e-01 5.272727272727273373e-01 6.818181818181817677e-01 7.181818181818182545e-01 7.181818181818181435e-01 2.545454545454545747e-01 3.454545454545455141e-01 1.454545454545454752e-01 2.272727272727273207e-01 1.909090909090909172e-01 1.727272727272727570e-01 2.181818181818181990e-01 1.363636363636363813e-01
1.181818181818181795e-01 3.454545454545455141e-01 5.636363636363636020e-01 5.909090909090909394e-01 5.363636363636364868e-01 6.636363636363636909e-01 7.545454545454545192e-01 7.090909090909089940e-01 2.545454545454545747e-01 3.272727272727273262e-01 1.545454545454545692e-01 2.363636363636363869e-01 1.818181818181818232e-01 1.818181818181818510e-01 2.272727272727272929e-01 1.363636363636363813e-01
1.090909090909090995e-01 3.909090909090909838e-01 5.727272727272728625e-01 5.545454545454544526e-01 5.454545454545455252e-01 6.727272727272727293e-01 7.727272727272727071e-01 6.999999999999999556e-01 2.818181818181818565e-01 2.818181818181818565e-01 1.818181818181818510e-01 2.363636363636363869e-01 1.636363636363636354e-01 2.090909090909091328e-01 2.363636363636363869e-01 1.363636363636363813e-01
1.272727272727272874e-01 4.000000000000000777e-01 5.636363636363637131e-01 5.272727272727273373e-01 5.636363636363637131e-01 6.727272727272727293e-01 7.727272727272727071e-01 6.727272727272726183e-01 2.818181818181818565e-01 2.363636363636364146e-01 2.000000000000000389e-01 2.545454545454545747e-01 1.363636363636363535e-01 2.272727272727273207e-01 2.454545454545454808e-01 1.272727272727272874e-01
1.454545454545454475e-01 4.272727272727273595e-01 5.454545454545455252e-01 5.181818181818182989e-01 5.909090909090909394e-01 6.909090909090909172e-01 7.545454545454545192e-01 6.636363636363636909e-01 2.909090909090909505e-01 2.090909090909091328e-01 2.090909090909091328e-01 2.818181818181818565e-01 1.090909090909090995e-01 2.454545454545455085e-01 2.454545454545454808e-01 1.090909090909091134e-01
1.454545454545454475e-01 4.636363636363636243e-01 5.090909090909091494e-01 5.181818181818181879e-01 6.000000000000000888e-01 6.909090909090909172e-01 7.636363636363635576e-01 6.545454545454545414e-01 3.181818181818182323e-01 1.909090909090909172e-01 2.090909090909091328e-01 2.818181818181818565e-01 8.181818181818183155e-02 2.454545454545455085e-01 2.454545454545454808e-01 9.090909090909092549e-02
