5.000000000000000000e+00 1.500000000000000000e+01 2.500000000000000000e+01 3.500000000000000000e+01 4.500000000000000000e+01 5.500000000000000000e+01 6.500000000000000000e+01 7.500000000000000000e+01
2.708710115227819792e-01 2.481008968693376171e-01 2.405965081401089112e-01 2.671937198996085505e-01 3.317198072327018910e-01 4.139464202745392063e-01 4.763298117274111232e-01 4.836642725054697833e-01
2.665036382721019947e-01 2.448770447094281433e-01 2.395198069676655883e-01 2.680144935219510027e-01 3.331665065438315088e-01 4.145512740768135806e-01 4.753198601252169864e-01 4.813610685536757194e-01
2.621976321500463780e-01 2.416742837316347703e-01 2.384057210194922005e-01 2.687585421859939872e-01 3.345425525954750512e-01 4.151350547766562427e-01 4.743524753173878894e-01 4.791392548970048737e-01
2.556778517628488512e-01 2.362187493105162017e-01 2.349823927011142621e-01 2.671555011725504913e-01 3.335776395660544624e-01 4.134260630085472843e-01 4.711540009994570344e-01 4.747238843734319369e-01
2.480783208954575603e-01 2.296457002575039152e-01 2.303870237612046235e-01 2.643440187397158581e-01 3.314104751826014716e-01 4.105616602849906371e-01 4.668599063246169356e-01 4.692491768837622201e-01
2.473513169700617131e-01 2.299086086315179633e-01 2.325749671929714935e-01 2.682808495496382672e-01 3.359978741530704749e-01 4.144973609127906577e-01 4.694238757339372903e-01 4.706676078684343123e-01
2.444037323110524740e-01 2.279155223121000495e-01 2.324560918302956136e-01 2.698772207407196810e-01 3.382511242441346710e-01 4.161431966042228314e-01 4.697541715492913328e-01 4.698862695909358234e-01
2.426425263956633049e-01 2.270745185157332369e-01 2.334402378214854856e-01 2.725442888297201494e-01 3.415814431889410696e-01 4.189091719659679969e-01 4.712590875096589471e-01 4.703123234070757386e-01
2.375201781787087407e-01 2.228391573451465879e-01 2.309826720725798588e-01 2.717385965372443590e-01 3.414454355183016987e-01 4.182507199577410462e-01 4.693924023406106372e-01 4.673984521085370325e-01
2.358528657617402491e-01 2.220266626432581547e-01 2.319022709339097488e-01 2.742802568118247186e-01 3.446632765905370821e-01 4.209868845943281479e-01 4.709715606286241085e-01 4.679610396110290838e-01
2.353659188588333451e-01 2.223633756052610655e-01 2.339269755854185839e-01 2.778984095095495821e-01 3.489641692769203662e-01 4.248457763465319226e-01 4.737231264537418163e-01 4.697256234392545582e-01
2.383301804203861174e-01 2.261211175114815619e-01 2.393301564852988172e-01 2.848675870952011580e-01 3.566227096686881426e-01 4.321009366055846845e-01 4.799191461432009143e-01 4.749632563700748600e-01
2.379256410491125406e-01 2.264808252164019486e-01 2.412942505192023912e-01 2.883713530035186268e-01 3.608225254442327667e-01 4.359349748482888032e-01 4.827407837814284841e-01 4.768541408680575522e-01
2.386959825697544946e-01 2.279870957565405531e-01 2.443653072145243743e-01 2.929568490264012892e-01 3.661108232622927172e-01 4.408941148673843902e-01 4.867328658390979168e-01 4.799421726749324435e-01
2.338213034777417709e-01 2.238209128035499873e-01 2.417257167478667479e-01 2.918075244554305114e-01 3.656711179105197607e-01 4.401609227952535397e-01 4.850766076476085154e-01 4.774076662781870928e-01
2.312544808102792726e-01 2.219360095071074568e-01 2.413305742919468755e-01 2.928795015272073754e-01 3.674595977569200533e-01 4.416906714672266254e-01 4.857259762635652289e-01 4.772037168022830178e-01
2.298575320743122263e-01 2.211952313631063705e-01 2.420440443390954877e-01 2.950379408098395828e-01 3.703414901425043926e-01 4.443477047616368747e-01 4.875440533587683811e-01 4.781925619569447061e-01
2.239470681386090956e-01 2.159159900154146716e-01 2.381848159111911167e-01 2.926024974415800672e-01 3.686365176261492405e-01 4.424508928264725416e-01 4.848484890439819783e-01 4.746910349497643899e-01
2.203397461790820855e-01 2.129157170813106847e-01 2.365715577476731890e-01 2.923927773143720210e-01 3.691643541744251689e-01 4.428190872842697745e-01 4.844569557165929741e-01 4.735160174522424770e-01
2.258522681301576018e-01 2.190118634543672116e-01 2.440229189268865451e-01 3.012283386586333545e-01 3.787446267527250776e-01 4.522711218705000036e-01 4.931871473859343880e-01 4.814844380720797457e-01
2.234377428223392470e-01 2.171582622658564110e-01 2.434938931032611942e-01 3.020650572128276146e-01 3.803332805012410445e-01 4.537621766879591512e-01 4.939931426573467288e-01 4.815496345118641663e-01
2.187765936225220809e-01 2.130360373221308889e-01 2.406667281791711743e-01 3.005860367976765923e-01 3.796134893156443146e-01 4.529746878960014267e-01 4.925563131924356464e-01 4.793922612307150444e-01
2.130038297573102202e-01 2.077808751991014335e-01 2.366781995939340466e-01 2.979288834784512008e-01 3.777229300159071212e-01 4.510456210170834535e-01 4.900125958266476900e-01 4.761475607891360595e-01
2.083908631359971397e-01 2.036648428113130849e-01 2.338014290487503977e-01 2.963675251350878503e-01 3.769356019230123978e-01 4.502482896794181011e-01 4.886343101616693607e-01 4.740871806937412281e-01
2.015273252171978224e-01 1.972782050004205368e-01 2.286277032136408704e-01 2.924940309871011945e-01 3.738436463905246421e-01 4.471741743417974035e-01 4.850119761774501770e-01 4.698009902858427678e-01
2.015028839177098741e-01 1.977112421424270239e-01 2.302482924169600431e-01 2.954004310747586071e-01 3.775391662924865721e-01 4.509147410011667967e-01 4.882361318632197356e-01 4.723788976724807576e-01
2.014981514713183319e-01 1.981451586821639799e-01 2.318453602271401959e-01 2.982696266070252733e-01 3.812051363781519542e-01 4.546523507926029661e-01 4.914882417759742217e-01 4.750017576076127623e-01
1.969665014180341789e-01 1.940339007762363899e-01 2.288737821090271740e-01 2.965572093594717740e-01 3.802972226767467046e-01 4.538420786640623983e-01 4.902225147076627598e-01 4.731231885039529628e-01
1.935886129042944659e-01 1.910587012256760586e-01 2.270156913371521035e-01 2.959460083052888324e-01 3.804983291354032127e-01 4.541662593082426702e-01 4.901204486423161866e-01 4.724241167559926069e-01
1.924997422928799717e-01 1.903553516977473103e-01 2.274077521664477353e-01 2.975733634806944083e-01 3.829458714915545681e-01 4.567617603520700564e-01 4.923181030025660654e-01 4.740400483729597658e-01
1.902897220813450363e-01 1.885142022363673064e-01 2.266411602609022524e-01 2.980311270859763995e-01 3.842317783810323961e-01 4.582199828043058698e-01 4.934060981850177940e-01 4.745610679205140015e-01
1.903665962187008898e-01 1.889437971515278980e-01 2.281252794715350474e-01 3.007293009142819606e-01 3.877661287739789797e-01 4.619504978526590144e-01 4.967932514748674144e-01 4.773954738609210713e-01
1.915929827283168463e-01 1.905072381963078820e-01 2.307240058732468735e-01 3.045324010184085051e-01 3.924135166488308957e-01 4.668174109199584310e-01 5.013429402483532416e-01 4.814061411996722883e-01
1.916951636359457978e-01 1.909312750309865858e-01 2.321648590609896867e-01 3.071685496167219642e-01 3.959021429054991881e-01 4.705484529798326099e-01 5.047821924625552903e-01 4.843196114374598293e-01
1.895358112927278960e-01 1.890790320646968670e-01 2.313117097965970426e-01 3.075022033302004520e-01 3.970965436097458334e-01 4.720077082232390087e-01 5.059744135229840012e-01 4.849988189173607411e-01
1.896594420012400750e-01 1.894954625832516448e-01 2.327102349157823546e-01 3.100796086607482960e-01 4.005430454789011274e-01 4.757410689853521779e-01 5.094648404375931028e-01 4.879885444753025436e-01
1.909287787617844068e-01 1.910437119808836015e-01 2.352242813138911703e-01 3.137651665299816539e-01 4.051061304281250441e-01 4.806125997513995829e-01 5.141169050749605507e-01 4.921517782110046424e-01
1.887974776834139556e-01 1.891778446409265457e-01 2.343085935562529698e-01 3.140141604249273577e-01 4.062411637236540973e-01 4.820772647872901273e-01 5.153849610716668694e-01 4.929424459238947454e-01
1.832646726042214125e-01 1.838973890104766140e-01 2.299633596589625573e-01 3.108273026970425068e-01 4.039489402894420045e-01 4.801354739408714156e-01 5.132688289339131238e-01 4.903599537585322521e-01
1.834204288290903484e-01 1.842927917777275049e-01 2.312796659495509888e-01 3.132961899245717552e-01 4.073211400772123181e-01 4.838785375232730335e-01 5.168592502420739088e-01 4.934946419677352369e-01
1.779002878022185874e-01 1.789999629697707761e-01 2.268940428260780573e-01 3.100578491573147133e-01 4.049948743189953348e-01 4.819432120888723636e-01 5.147924327759787477e-01 4.909823296107275747e-01
1.689761754408512506e-01 1.702911846977613053e-01 2.190793741422628893e-01 3.033856477719421574e-01 3.992435953902900292e-01 4.766026098415022672e-01 5.093409592878270775e-01 4.850952229127437620e-01
1.668745832203200052e-01 1.683932926399937802e-01 2.180630793098928544e-01 3.035074760296074814e-01 4.002952793755961691e-01 4.780843807581398597e-01 5.107319690132815504e-01 4.860600963761903537e-01
1.647765674641471223e-01 1.664876757170842547e-01 2.170271135733753409e-01 3.036057477912057490e-01 4.013324267916718591e-01 4.795707128849455714e-01 5.121471573749390993e-01 4.870582920971268104e-01
1.615450213839104698e-01 1.634375485043714771e-01 2.148352410021970027e-01 3.025446739365191817e-01 4.012193360147546795e-01 4.799256053514176501e-01 5.124500484232962227e-01 4.869529918317618833e-01
1.628610380499520838e-01 1.649243145630290841e-01 2.171693983834089292e-01 3.060066266698252546e-01 4.056384675943237594e-01 4.848312322847835310e-01 5.173223581967019147e-01 4.914255799940527858e-01
1.619057279285815443e-01 1.641293843259319096e-01 2.172115136507902777e-01 3.071739583490627479e-01 4.077722630904990764e-01 4.874697612612817199e-01 5.199458126363444288e-01 4.936574612200592682e-01
1.654965818941774303e-01 1.678705384470613460e-01 2.217798697600624758e-01 3.128653657483565498e-01 4.144395093448789424e-01 4.946597172037088264e-01 5.271385109650603695e-01 5.004664234074602813e-01
1.679511069882473062e-01 1.704655638868781131e-01 2.251927412831513098e-01 3.173995270273139435e-01 4.199589754582303547e-01 5.007196189982314749e-01 5.332185618023949081e-01 5.061702735022939326e-01
1.704050076520750578e-01 1.730504354606475503e-01 2.285865764490340180e-01 3.219132841350298424e-01 4.254675952029690067e-01 5.067861615580013801e-01 5.393222647429039007e-01 5.119050187595532986e-01
