5.000000000000000000e+00 1.500000000000000000e+01 2.500000000000000000e+01 3.500000000000000000e+01 4.500000000000000000e+01 5.500000000000000000e+01 6.500000000000000000e+01 7.500000000000000000e+01 8.500000000000000000e+01 9.500000000000000000e+01 1.050000000000000000e+02 1.150000000000000000e+02
2.291593403076725710e-01 3.465613751326678260e-01 4.618805125171054904e-01 4.630894379195077959e-01 3.596538615927250548e-01 2.735400800253601772e-01 3.105086850218567451e-01 4.437906827036566249e-01 5.314808012412424176e-01 4.595638843529844531e-01 2.644446114102491641e-01 1.129971038182301379e-01
2.368923514439053579e-01 3.467283029535219163e-01 4.547549457582247268e-01 4.572820986851358072e-01 3.634138171013939766e-01 2.860812304597758482e-01 3.222961410069559718e-01 4.456937124829674080e-01 5.237024285101816723e-01 4.513371945259298523e-01 2.648131192598310868e-01 1.218913331216208706e-01
2.417013361811505834e-01 3.445504177393873269e-01 4.459217072019659445e-01 4.498268582760601708e-01 3.649725973920396882e-01 2.958417645087683123e-01 3.313010392217278777e-01 4.453890117163635809e-01 5.142638593276795955e-01 4.413856235425525631e-01 2.628189022900319083e-01 1.278494196478084655e-01
2.474144442666420529e-01 3.438164111543550727e-01 4.391277758242031481e-01 4.444700768381033562e-01 3.681183182470084136e-01 3.066519133010238707e-01 3.413533891723219416e-01 4.466641234140850680e-01 5.069107653224885768e-01 4.334556096763341748e-01 2.622504332771350977e-01 1.346996265953031569e-01
2.487659512530669415e-01 3.392238755839495634e-01 4.290320209170593868e-01 4.358701605121420575e-01 3.675483332308521756e-01 3.132482620127626238e-01 3.471895505722900066e-01 4.442158180515186627e-01 4.963008505898420797e-01 4.222054689653150783e-01 2.578050778447725788e-01 1.371763415885005055e-01
2.541237329278958068e-01 3.391065861897200051e-01 4.239322784874700045e-01 4.323246302052790035e-01 3.715965007730611669e-01 3.240012191534429875e-01 3.571797025137834480e-01 4.463773603500681975e-01 4.907309200827607576e-01 4.159324712832545012e-01 2.578163763438251488e-01 1.436475511151404649e-01
2.582167255680831164e-01 3.381617821975800853e-01 4.184924412716982678e-01 4.284972046036361615e-01 3.749604517772979206e-01 3.336424723518231494e-01 3.660552991363985598e-01 4.478457765773382615e-01 4.848639622357948653e-01 4.092999300185973244e-01 2.569813249614257833e-01 1.488423007889082827e-01
2.641047972449434011e-01 3.394198717121686970e-01 4.157119856592323970e-01 4.273873206794316371e-01 3.806712819667746883e-01 3.452348558294921488e-01 3.768789369807134526e-01 4.516515465760872483e-01 4.816986690736301258e-01 4.053067286544731473e-01 2.583300803512242894e-01 1.558205666619792706e-01
2.649970916991610248e-01 3.360626207095722684e-01 4.087439952491345174e-01 4.221481513775591776e-01 3.819117295414509727e-01 3.519906910470356198e-01 3.828626955116103403e-01 4.509767810974365521e-01 4.743874534895338169e-01 3.971053439725842349e-01 2.550441484371340217e-01 1.577915991074660407e-01
2.647067244239911243e-01 3.318777050392393013e-01 4.013495590051296968e-01 4.165409984128262133e-01 3.824707169067734780e-01 3.577264801287997065e-01 3.878228304172717245e-01 4.496097631978631104e-01 4.666908416245497682e-01 3.884562438470552381e-01 2.509109362212739724e-01 1.585686189098224619e-01
2.693175893232906404e-01 3.329253830506967438e-01 3.995643008207295233e-01 4.166018169565423035e-01 3.884100140236359522e-01 3.685297104033213866e-01 3.978465780208438329e-01 4.536116112494534836e-01 4.646439971258806145e-01 3.853944164393146576e-01 2.519904242115890702e-01 1.642356239298426168e-01
2.712753978922219367e-01 3.316294100941584166e-01 3.957891609952024492e-01 4.147319926830275727e-01 3.921551445675425240e-01 3.768498919800524760e-01 4.053831927253177536e-01 4.554071847511976801e-01 4.606474977547667105e-01 3.803201512945949547e-01 2.507060807181143991e-01 1.672384282920952314e-01
2.743878000898572478e-01 3.317770434141508185e-01 3.937902774433794106e-01 4.146982189709804700e-01 3.974953833594845332e-01 3.864986775065911151e-01 4.142440666357621870e-01 4.587850814036230074e-01 4.584672121385340304e-01 3.769989201628032305e-01 2.508448665368769870e-01 1.713847832640200131e-01
2.847335875403072536e-01 3.394281374679325447e-01 3.996079660234450048e-01 4.225414736178533803e-01 4.104928450478830260e-01 4.035590647200827941e-01 4.305119319724884930e-01 4.698067254259054581e-01 4.641432760246875788e-01 3.814703569276751693e-01 2.584663300530795071e-01 1.827535804633074190e-01
2.864203735939396811e-01 3.386727236375390859e-01 3.973141933490607070e-01 4.223344884094880070e-01 4.152400579619067722e-01 4.121430763033210321e-01 4.382985407855950477e-01 4.725639410355474967e-01 4.617475613790200106e-01 3.778057300103124239e-01 2.576601867322597106e-01 1.854525319251254800e-01
2.885543871631431889e-01 3.386007107263547256e-01 3.959821779162363553e-01 4.231513473531052227e-01 4.208296594821884229e-01 4.213615539407632449e-01 4.467144588660220128e-01 4.761486474364186594e-01 4.603532741355456648e-01 3.750775430772668728e-01 2.575160193901878114e-01 1.885879639436473243e-01
2.934223808449745174e-01 3.414837062654492161e-01 3.978681190487795005e-01 4.272492130568177338e-01 4.295362129126890083e-01 4.335060670692426621e-01 4.580509743478072826e-01 4.828346752986780177e-01 4.622166800811315368e-01 3.755412635567449420e-01 2.603050992665956742e-01 1.944467252002150537e-01
2.995220174435799798e-01 3.458053222893884282e-01 4.014414168369885294e-01 4.330985444112106508e-01 4.398465094751022875e-01 4.470793004202856524e-01 4.708104850983667045e-01 4.911080683517322631e-01 4.658073220300702477e-01 3.776655421373315558e-01 2.645106915622997268e-01 2.015265732910284102e-01
3.061074020022632736e-01 3.508066322697693806e-01 4.059300493066267945e-01 4.399284717923459542e-01 4.510050220786830932e-01 4.613405874494029835e-01 4.842520319920718408e-01 5.002125367428700287e-01 4.703533945076409095e-01 3.806775894860003895e-01 2.693735121278164057e-01 2.090817067642282423e-01
3.147043052119470330e-01 3.580013246809658489e-01 4.128356518729344726e-01 4.492418748246106985e-01 4.645290563073784518e-01 4.778211355059795995e-01 4.999065239206587075e-01 5.116646076032013157e-01 4.773568209807607099e-01 3.860782552398888123e-01 2.764068807778019554e-01 2.186379885331199702e-01
3.313829573672506523e-01 3.734484320043668926e-01 4.282061774955223665e-01 4.670880411041654079e-01 4.864814774005080666e-01 5.025968219031655693e-01 5.238495336997701646e-01 5.315263515968938757e-01 4.928659120361595924e-01 3.999146876873966305e-01 2.916694500374393817e-01 2.362657398367563888e-01
3.387278071660747569e-01 3.797220291274784332e-01 4.346055311273382404e-01 4.760322994622666060e-01 4.994404071557367319e-01 5.182579551730550627e-01 5.386710591568226736e-01 5.423750793821859872e-01 4.994449980850164672e-01 4.047499677315062883e-01 2.977349032769808224e-01 2.445494990437679650e-01
3.458375790175308717e-01 3.859112344868561029e-01 4.411135114688545245e-01 4.851559607667839114e-01 5.124992240779194796e-01 5.339093351625384676e-01 5.534755830554800582e-01 5.533033413074875950e-01 5.061743695920393193e-01 4.096630501461743235e-01 3.036919555832452988e-01 2.525880789642764301e-01
3.496889624998053003e-01 3.889838473025948318e-01 4.446893930609842061e-01 4.914198992836111834e-01 5.226302000982601115e-01 5.465339456030370302e-01 5.652457654898384032e-01 5.612825636667357898e-01 5.100138578503351505e-01 4.116123451589935867e-01 3.065079907156268435e-01 2.573582563114775734e-01
3.465002978909311193e-01 3.851499845539601563e-01 4.415355120740536710e-01 4.910281379444398353e-01 5.260481374920443765e-01 5.523566430697366414e-01 5.702061326638344640e-01 5.625266851419820080e-01 5.071664196481812104e-01 4.067993037171385717e-01 3.023926977960221807e-01 2.550784572358640312e-01
3.506710156146980450e-01 3.888014752840535104e-01 4.460366131088993047e-01 4.983671948269949858e-01 5.371497635633530887e-01 5.657836001661481484e-01 5.827625198915924454e-01 5.714315510013292521e-01 5.120174831334294296e-01 4.096077637523403703e-01 3.057374653203898673e-01 2.601481967743156654e-01
3.500847086373067851e-01 3.878148910325052157e-01 4.460628355562757386e-01 5.013090693847809254e-01 5.438167618779798929e-01 5.747053819640992600e-01 5.908051478487057473e-01 5.758779438331430578e-01 5.124379334122133312e-01 4.079069359907448455e-01 3.044184112907511452e-01 2.604511512496595071e-01
3.485334138026243145e-01 3.859757881639345745e-01 4.453939150472005504e-01 5.036354439506011138e-01 5.498400157961327306e-01 5.829212316823771944e-01 5.981329080575547019e-01 5.796558265678163346e-01 5.122083134058358356e-01 4.054756048399420498e-01 3.022206252351801736e-01 2.597794396085536528e-01
3.445055265625057150e-01 3.817665863438668983e-01 4.425070240272812039e-01 5.038255245392623261e-01 5.537074885419602799e-01 5.889269900566498350e-01 6.032412820591726010e-01 5.812522220238125481e-01 5.098066639908526154e-01 4.007899683858634488e-01 2.976260463672823486e-01 2.566215381541563367e-01
3.425494705132339779e-01 3.797302043826677465e-01 4.419403724722611448e-01 5.064196419597469800e-01 5.599678610172251769e-01 5.972787698086543529e-01 6.106860156795265171e-01 5.852148501849929740e-01 5.097721244322261924e-01 3.983872385164263785e-01 2.951770991055199245e-01 2.555259500846288612e-01
3.441828188926335796e-01 3.813791504248406072e-01 4.452022655330686862e-01 5.129283100188207767e-01 5.701396243245652196e-01 6.095020823668698684e-01 6.219922455423070318e-01 5.930612201743389322e-01 5.136139898911034063e-01 3.997746979598462702e-01 2.963857829295279966e-01 2.580103269920239750e-01
3.304680803308317483e-01 3.677712786118161881e-01 4.333468300627086323e-01 5.044079527626963433e-01 5.652868391178070828e-01 6.066676291300040491e-01 6.182302901194298705e-01 5.858543890411993527e-01 5.023874379534101209e-01 3.860054261895778382e-01 2.823094287013393489e-01 2.451372546145296483e-01
3.241339368930290510e-01 3.616310001032518873e-01 4.290951977465737310e-01 5.035820884731737612e-01 5.681403496548659282e-01 6.115125453106726727e-01 6.221368933564963566e-01 5.863241752372523319e-01 4.988147118952431791e-01 3.797994819170819603e-01 2.756719093363225737e-01 2.396354908804262662e-01
3.138176921382529461e-01 3.515917060381764658e-01 4.210779022655675718e-01 4.990837278430168000e-01 5.673402101261819652e-01 6.126828540828923586e-01 6.223576785967026570e-01 5.831095843537770218e-01 4.915275181093753387e-01 3.697862996014119608e-01 2.651060624049487169e-01 2.301424139677272496e-01
3.093683232711464948e-01 3.474987963803490287e-01 4.191378842951629102e-01 5.007583801295544257e-01 5.727387171957190048e-01 6.200365251106876308e-01 6.287502068803604294e-01 5.860618410569017334e-01 4.903700314913964076e-01 3.658076937783426019e-01 2.604567186095297915e-01 2.265070744565496896e-01
2.994222587267202362e-01 3.379854358643492040e-01 4.119062254256222744e-01 4.972397883680630404e-01 5.729761699646799267e-01 6.222192587985695411e-01 6.299597609606460979e-01 5.838201484306101419e-01 4.839746298665790758e-01 3.564935922938519686e-01 2.503564573522142345e-01 2.173659729141400598e-01
2.915549116097533311e-01 3.306240673492922277e-01 4.069536411882572202e-01 4.961014238265735177e-01 5.756323876593987254e-01 6.268160266869555741e-01 6.335708854585051508e-01 5.839632050285854525e-01 4.799133876386277864e-01 3.494135286264097306e-01 2.423771197008975642e-01 2.102945933342357521e-01
2.918261509171382606e-01 3.314718644016974580e-01 4.103359148958612979e-01 5.034019214074185733e-01 5.867721668603764762e-01 6.398965499227414755e-01 6.456528650867753294e-01 5.925546614514703991e-01 4.842435103651315798e-01 3.506220750057696955e-01 2.425752605743324575e-01 2.113528743590522285e-01
2.858409227665520413e-01 3.261313352315938774e-01 4.076544843160382348e-01 5.047456680118141970e-01 5.920058903928174798e-01 6.470759280308461259e-01 6.518203531691976194e-01 5.952037285694991020e-01 4.825679222755059339e-01 3.457194283465445661e-01 2.365527522702725871e-01 2.061458305072748354e-01
2.781432035444051376e-01 3.191442598024604171e-01 4.034503629001394143e-01 5.046767255881268177e-01 5.958834696963211108e-01 6.529085999026096321e-01 6.566273323700426712e-01 5.964591192077475235e-01 4.794291884515546331e-01 3.392453307188161293e-01 2.288507211569932587e-01 1.992175053209994939e-01
2.740341941518461555e-01 3.158098692078933900e-01 4.030223045697763906e-01 5.084969978640814237e-01 6.037125297644286848e-01 6.627065461832434279e-01 6.653853168163899046e-01 6.016272323842793979e-01 4.801276806703731470e-01 3.364972333572803231e-01 2.247677266208192304e-01 1.958691656103969947e-01
2.644208160363281102e-01 3.070333279226384326e-01 3.972752725841005028e-01 5.071147012847209146e-01 6.064068972601802665e-01 6.673877937497272317e-01 6.690118563042943833e-01 6.016206407069165651e-01 4.755700474308557912e-01 3.283787647316370184e-01 2.152082428770276668e-01 1.870077974836015233e-01
2.583914787811676939e-01 3.019014886261448538e-01 3.952961821075959281e-01 5.096201097747939945e-01 6.130623615050373454e-01 6.760521920559265929e-01 6.766063123654468825e-01 6.055338506255421027e-01 4.748449577819238709e-01 3.239754722974781953e-01 2.092584133420093695e-01 1.817218739342474909e-01
2.574585132623689598e-01 3.019253135388567655e-01 3.985963103458069479e-01 5.175279671922250468e-01 6.251991022812311005e-01 6.902238553590041015e-01 6.896923002082295806e-01 6.148857294795493367e-01 4.794655128185516535e-01 3.247972317945896359e-01 2.084284715066211657e-01 1.815237879959228917e-01
2.593460583161784072e-01 3.048277501504954579e-01 4.048991620606903763e-01 5.285653552838696090e-01 6.405495723272564002e-01 7.076390587758201178e-01 7.060055844816885973e-01 6.274073872196890278e-01 4.871571126562048160e-01 3.285661119038392752e-01 2.104406161896917871e-01 1.841377394069983464e-01
2.602627949165939869e-01 3.068164552798572919e-01 4.104131843424308479e-01 5.389444110201795368e-01 6.553312284670993471e-01 7.245189821742143987e-01 7.217668228671343389e-01 6.393149067444293676e-01 4.941301727597111615e-01 3.314890881389588317e-01 2.115017351109127475e-01 1.857724687850495493e-01
2.594474067060137390e-01 3.071292462538171564e-01 4.143772093672553614e-01 5.479077720383588312e-01 6.687919901625209995e-01 7.401151807484420697e-01 7.362270363464609169e-01 6.498548016396614724e-01 4.996255683555230753e-01 3.328034847022094400e-01 2.108488555704963741e-01 1.856667181540531675e-01
2.538655548089043257e-01 3.027310670838255779e-01 4.137574129656139688e-01 5.524255380186691156e-01 6.779072133688714974e-01 7.514065702151540016e-01 7.463645940833824044e-01 6.560009892017278910e-01 5.006115947513984921e-01 3.294739321277418975e-01 2.054461101135793000e-01 1.807862057542276579e-01
2.457856397029114237e-01 2.958897423663755522e-01 4.108230616772175492e-01 5.547710206709088876e-01 6.849554524236298736e-01 7.606751994112681547e-01 7.544609856987432028e-01 6.600305514724540412e-01 4.993597162398690781e-01 3.237681133885672580e-01 1.975604899055257713e-01 1.733993879089378298e-01
2.442939562515059060e-01 2.956911249669644803e-01 4.146616543061455995e-01 5.640358883450388161e-01 6.990336160304295721e-01 7.770214164051594263e-01 7.696159870511289913e-01 6.710388903484201251e-01 5.049597095988025419e-01 3.247719044797672261e-01 1.962769918773323297e-01 1.725926140527480612e-01
