5.000000000000000000e+00 1.500000000000000000e+01 2.500000000000000000e+01 3.500000000000000000e+01 4.500000000000000000e+01 5.500000000000000000e+01 6.500000000000000000e+01 7.500000000000000000e+01 8.500000000000000000e+01 9.500000000000000000e+01 1.050000000000000000e+02 1.150000000000000000e+02 1.250000000000000000e+02 1.350000000000000000e+02 1.450000000000000000e+02 1.550000000000000000e+02
2.374834093326365358e-01 3.333212636930600326e-01 4.376037760772572005e-01 4.900309344789152144e-01 4.666434294444301578e-01 3.972358610195377837e-01 3.370270228257415956e-01 3.255525999505957113e-01 3.564493913135369785e-01 3.864293956463908941e-01 3.713554493681784918e-01 3.010424175448029316e-01 2.050330493427374168e-01 1.304188531637389958e-01 1.117060883747960087e-01 1.544707734949522238e-01
2.377606136503389866e-01 3.311885089868275567e-01 4.325798944866898199e-01 4.845572135031387395e-01 4.641088981318322038e-01 3.990471646848064990e-01 3.413909445962563516e-01 3.287455676834998286e-01 3.556377099401342723e-01 3.815762444941747100e-01 3.648177094090279127e-01 2.953999798492604745e-01 2.012095543914885487e-01 1.275670919429263139e-01 1.086655177600445721e-01 1.511900965653311391e-01
2.349113700855832154e-01 3.261327658644455618e-01 4.248937783148818426e-01 4.765285527677032840e-01 4.588989845526997846e-01 3.979587357630273714e-01 3.427257486403600950e-01 3.289798778526488165e-01 3.520572291753561456e-01 3.740800059726578919e-01 3.555796524846611684e-01 2.868696420425615456e-01 1.943475681011409550e-01 1.216951476759310646e-01 1.027656546881171029e-01 1.452008070000935513e-01
2.312245578169304649e-01 3.204296121816367915e-01 4.168049649720235728e-01 4.681999774065416786e-01 4.532798166580688792e-01 3.962534702605919890e-01 3.433221948424782233e-01 3.285385425068328979e-01 3.479748855588188916e-01 3.661975868067963713e-01 3.459027893076330740e-01 2.777272821696095129e-01 1.867337778749634247e-01 1.150870371673688164e-01 9.627717629112977904e-02 1.387621327601012700e-01
2.301242180894952083e-01 3.174907701340718424e-01 4.117103164565647511e-01 4.629641631946500580e-01 4.506543562065425945e-01 3.973498885693735883e-01 3.466061417263560096e-01 3.308402988316001547e-01 3.467945397357201642e-01 3.613235023180104699e-01 3.391857924071165487e-01 2.713847794479353759e-01 1.817900415772414624e-01 1.111622015059660629e-01 9.260727585473907397e-02 1.352707486187637032e-01
2.338969150319292756e-01 3.195913937408440542e-01 4.118712194454330344e-01 4.630786138882853620e-01 4.532896388770396578e-01 4.035294666348824277e-01 3.548659158115354817e-01 3.381669293626310413e-01 3.507842051728305433e-01 3.617170540205018603e-01 3.376917091347328981e-01 2.701173163907655272e-01 1.818007524210770443e-01 1.122028500911272930e-01 9.402692201873225075e-02 1.369879636858635230e-01
2.397145443769695405e-01 3.238928097720024657e-01 4.144362454197461076e-01 4.656883002936778593e-01 4.583394713431910850e-01 4.119594172108341223e-01 3.652751282170598746e-01 3.476860332259804620e-01 3.570987348537149608e-01 3.645249690324792180e-01 3.385706337234153374e-01 2.710861331582039013e-01 1.839356513095778134e-01 1.153767537427367595e-01 9.769357357202759773e-02 1.410623700175949180e-01
2.430434996790025726e-01 3.258516212934571832e-01 4.148501795000535397e-01 4.662346696111090982e-01 4.612534942189726594e-01 4.181018306314129296e-01 3.733018481578336267e-01 3.548601577619279746e-01 3.611888747812278533e-01 3.651904098398668364e-01 3.372687471485459332e-01 2.697476434057713979e-01 1.836589962625021499e-01 1.161463964008856431e-01 9.906025885189442826e-02 1.429388609039980718e-01
2.495765601294071545e-01 3.311515375417934948e-01 4.187857812422748349e-01 4.703873881879674368e-01 4.677089743443374470e-01 4.276455390520635946e-01 3.846404974823941503e-01 3.653786544144949633e-01 3.687330476808424184e-01 3.693847175376341885e-01 3.394600881120122815e-01 2.717852754313752617e-01 1.866614530646655834e-01 1.202008494360313207e-01 1.038073833088526965e-01 1.482903820084905955e-01
2.508011367624504717e-01 3.312715665630322492e-01 4.177119134020312874e-01 4.696124535798241739e-01 4.691789626195650986e-01 4.320743408129765206e-01 3.907801030891904226e-01 3.707258954773428594e-01 3.712055030441716585e-01 3.685755244400483743e-01 3.366146912210766229e-01 2.686776751364541860e-01 1.844283439616047904e-01 1.190240052881270105e-01 1.034109015317034308e-01 1.485860512966293290e-01
2.632038774483124732e-01 3.426905706804145857e-01 4.280980383384767052e-01 4.803766754902047964e-01 4.821368172451269141e-01 4.478715851936857506e-01 4.082089076588618637e-01 3.873858519059392158e-01 3.850808333055304455e-01 3.792312356234651682e-01 3.452030920924745727e-01 2.769032709417865723e-01 1.934442548291779307e-01 1.290991707626183427e-01 1.143468536687947401e-01 1.602956473600918030e-01
2.725889037669797510e-01 3.512054575786339172e-01 4.357323544809835192e-01 4.884657979195841659e-01 4.923743649619646279e-01 4.608383905340370235e-01 4.227326118340426486e-01 4.011603051172532020e-01 3.961521286874715164e-01 3.871391517257491421e-01 3.510144718598980917e-01 2.822584735149670232e-01 1.995112739385441758e-01 1.362272930135100535e-01 1.224095389137787593e-01 1.692077384991509947e-01
2.738505891925789304e-01 3.517039161510258638e-01 4.354944816687662534e-01 4.887571712478797070e-01 4.947746092607251400e-01 4.658664050415393110e-01 4.292471573111496519e-01 4.069416020471957607e-01 3.993036796294803237e-01 3.871781417207350584e-01 3.489293499455753955e-01 2.796304195202731213e-01 1.975217717715705146e-01 1.352997275842910685e-01 1.224842350922644429e-01 1.702023613182876705e-01
2.817690607192932517e-01 3.589598789792942113e-01 4.421508769221221269e-01 4.960151557298107527e-01 5.041071672650170310e-01 4.777332923149492094e-01 4.425342330075071051e-01 4.195081354497228743e-01 4.093064084547846648e-01 3.941140471417645119e-01 3.537150067014080967e-01 2.837924413197436824e-01 2.022539040412387745e-01 1.410937305834663591e-01 1.293426461172097197e-01 1.780464303424763028e-01
2.861238787635295155e-01 3.627471660387351915e-01 4.454684349509551167e-01 5.000047106354719162e-01 5.101418897295697530e-01 4.862163963250938359e-01 4.523749591682173499e-01 4.286380041362518045e-01 4.159314846699823098e-01 3.977132719817957351e-01 3.551390902685495066e-01 2.845177172730912196e-01 2.034852927732614669e-01 1.433861297790358924e-01 1.327565318120177418e-01 1.825073329126269961e-01
2.897622592459714874e-01 3.659076733092412326e-01 4.482826368153630114e-01 5.035595323831293380e-01 5.157170276929872177e-01 4.941609496699561066e-01 4.616181133438723716e-01 4.371772169333609792e-01 4.220184873946165593e-01 4.008109216126972685e-01 3.560377711101426201e-01 2.846474663671572647e-01 2.040612493723397980e-01 1.450215384689801656e-01 1.355658836947654933e-01 1.864210727314413729e-01
2.887127471914224253e-01 3.644650154235888340e-01 4.466111556244441450e-01 5.026956504877470033e-01 5.168528547866315659e-01 4.975937343618416220e-01 4.662938076023614986e-01 4.411533495805832206e-01 4.235890238830244403e-01 3.994243995432379402e-01 3.524293531402653556e-01 2.802045963529336547e-01 2.000084490291592354e-01 1.420260214225521900e-01 1.337925557748233241e-01 1.858058709056915336e-01
2.886625238928794412e-01 3.641018042087227902e-01 4.461311009022980167e-01 5.030886628963023854e-01 5.192289269351928471e-01 5.022003771190058918e-01 4.720907990446252533e-01 4.462528365074782677e-01 4.263239858378857772e-01 3.992306435832225220e-01 3.499915231121534243e-01 2.768709872887714640e-01 1.970122385312739199e-01 1.400843948989249632e-01 1.331175321434301950e-01 1.863394060768744920e-01
2.907528933053274978e-01 3.659551086092714400e-01 4.479744469009213637e-01 5.058691559360550816e-01 5.239795248270977535e-01 5.091208247587458713e-01 4.801519793114552570e-01 4.536164430563887073e-01 4.313589888603502343e-01 4.013615466366692863e-01 3.498567835768979783e-01 2.757829560185902085e-01 1.962121231587146686e-01 1.403357063717567965e-01 1.346763767789529720e-01 1.891542388857965495e-01
2.870338569551125762e-01 3.620710051162772669e-01 4.441825537893438480e-01 5.030772177556174229e-01 5.231481881750379426e-01 5.104039089144734032e-01 4.825289523871508779e-01 4.552938273452003526e-01 4.307389040263776003e-01 3.978584710009305248e-01 3.440669783710680329e-01 2.689858107445712854e-01 1.896563419642635639e-01 1.348278032113522928e-01 1.305137746265126186e-01 1.862923296689468489e-01
2.877368684541457000e-01 3.626773096398782648e-01 4.449788724787881455e-01 5.049351359728538879e-01 5.269604326104049274e-01 5.162800911074494348e-01 4.894547918077081228e-01 4.615162827747958385e-01 4.346905724048583108e-01 3.989449468831298140e-01 3.428460014199326555e-01 2.667065866667336915e-01 1.875746225405739431e-01 1.337900813820261103e-01 1.308562548322287633e-01 1.879777401174151930e-01
2.815021314218060233e-01 3.564108544897165443e-01 4.389961965822477552e-01 5.000746429857017006e-01 5.240510127876149005e-01 5.153887519218701696e-01 4.895713410934162124e-01 4.609240249059518568e-01 4.318500660675209657e-01 3.932539185876209875e-01 3.348270523795286446e-01 2.575813263842056111e-01 1.786054790888602084e-01 1.258607779282403250e-01 1.243394597418182590e-01 1.828438823699843341e-01
2.779922591502390627e-01 3.529311286702297989e-01 4.358902795628030735e-01 4.981505269611199438e-01 5.240775498243106512e-01 5.173918425688956990e-01 4.925428757572615224e-01 4.631798409692126084e-01 4.318763136926999646e-01 3.904413563875370197e-01 3.296662571948482667e-01 2.512687232939662119e-01 1.724098721357244512e-01 1.207006255580835297e-01 1.206217778207742120e-01 1.805471335700440660e-01
2.800513870643543957e-01 3.550793724233436421e-01 4.384989078619392355e-01 5.019996992572732797e-01 5.298796139349044587e-01 5.251329898445830091e-01 5.012152179549431708e-01 4.711281929923823442e-01 4.376101815984266841e-01 3.933453248336227781e-01 3.302017443866320234e-01 2.506092189459597774e-01 1.718303209593882719e-01 1.211519603502743958e-01 1.225434313825095323e-01 1.839259066548547539e-01
2.751824653806858034e-01 3.503558533129506047e-01 4.343191571717124333e-01 4.991184454093625655e-01 5.289559894824494846e-01 5.261147818430177425e-01 5.030930311940489119e-01 4.722725018882239501e-01 4.365517374095870262e-01 3.894632346290572977e-01 3.239309042502155900e-01 2.431022816732884562e-01 1.643681961386200541e-01 1.147160099655859800e-01 1.176037463762232560e-01 1.804779045200469445e-01
2.719109139047655166e-01 3.472835056893801009e-01 4.318710135683208051e-01 4.980260413657478513e-01 5.298283042228753015e-01 5.288624163246472554e-01 5.067034770544058819e-01 4.751387943851367313e-01 4.372238781145607600e-01 3.873154597553948864e-01 3.193740127021021391e-01 2.372700483581048070e-01 1.585473741723671670e-01 1.099165442807945037e-01 1.143247860333118648e-01 1.787237392576048745e-01
2.679664572611006879e-01 3.435897517341903740e-01 4.288791775959087671e-01 4.964465530346087729e-01 5.302228408825765404e-01 5.311055299972253785e-01 5.097780522251055269e-01 4.774575310423641583e-01 4.373541406352133842e-01 3.846271379085322017e-01 3.142560378798339715e-01 2.308391475541985427e-01 1.520960724718294355e-01 1.044817067192767013e-01 1.104331665362629777e-01 1.763887345383698957e-01
2.656240497504194775e-01 3.415474131933061153e-01 4.276139603055758021e-01 4.966497281196867730e-01 5.324114401225106263e-01 5.351191178701073525e-01 5.145935150634131094e-01 4.815045244958748860e-01 4.392156039476529661e-01 3.836690632220599584e-01 3.108475385156008741e-01 2.260816130933359369e-01 1.472877739266376107e-01 1.006849354544312736e-01 1.082009637844353889e-01 1.757438201276465273e-01
2.660220717482700281e-01 3.422928956325088645e-01 4.292094529883504483e-01 4.997691619594298862e-01 5.375296766720598640e-01 5.420417245645895443e-01 5.222900835993753432e-01 4.884191298041790086e-01 4.439450645225487269e-01 3.855758529912878818e-01 3.102828358366498951e-01 2.241330700269049125e-01 1.452594229656140323e-01 9.966315638286868395e-02 1.087638930596611930e-01 1.779237002575742022e-01
2.674577977336055068e-01 3.441216452299084572e-01 4.319589705287315562e-01 5.040977372735451212e-01 5.438723086003667273e-01 5.501709076398959564e-01 5.311669050837503070e-01 4.964997069413239483e-01 4.498384850394275825e-01 3.886413883010445547e-01 3.108554589323060391e-01 2.232881929336537064e-01 1.443068932065908749e-01 9.971224794012711889e-02 1.104167615775986655e-01 1.812222957689667568e-01
2.665237723929134717e-01 3.436245144825587627e-01 4.324514046745948637e-01 5.062239740918571540e-01 5.480296360588980953e-01 5.560996093534977813e-01 5.378184335331185340e-01 5.023399918443955947e-01 4.534873526965044199e-01 3.894551648313737124e-01 3.091544998956220480e-01 2.201370729855746666e-01 1.410213631461779971e-01 9.742341418975086764e-02 1.097498302754725819e-01 1.822290963056160118e-01
2.706078221483354529e-01 3.481877641124527245e-01 4.380712144335016656e-01 5.135320170561882280e-01 5.573874967403404934e-01 5.672161641793684872e-01 5.496344426282916418e-01 5.133291033286723204e-01 4.622786743499424644e-01 3.954022810311709768e-01 3.125646059609774041e-01 2.220652210708789764e-01 1.427893272427890881e-01 1.001831935205382274e-01 1.141488120969337827e-01 1.883291497593144459e-01
2.694839749070305768e-01 3.475839739107277615e-01 4.385893262647354574e-01 5.157925327467089982e-01 5.617181707555323200e-01 5.732952148584267160e-01 5.563909467703553879e-01 5.192424586350835591e-01 4.659858811739706619e-01 3.962543363106503236e-01 3.108568813173907541e-01 2.188444797255224561e-01 1.393835151946170581e-01 9.776437573656376889e-02 1.133857794902272953e-01 1.892939616240759126e-01
2.705397426419244300e-01 3.491993170762300314e-01 4.413903985589677226e-01 5.203899715081360400e-01 5.684076494502436905e-01 5.817249915700386520e-01 5.654774849110352219e-01 5.274690521900140538e-01 4.719960973542383642e-01 3.993966937275392204e-01 3.114161530990900983e-01 2.178602984410543120e-01 1.381901740267361678e-01 9.755328213838965201e-02 1.148464356548937193e-01 1.925087587414767987e-01
2.675261304999956291e-01 3.467835616946821631e-01 4.402228139924195260e-01 5.210725573473546923e-01 5.712056317762944646e-01 5.862573179010430735e-01 5.706471308595837399e-01 5.317614612458118062e-01 4.740601364202502443e-01 3.985784707381980763e-01 3.079909651491270495e-01 2.128617360057402930e-01 1.329590766871597829e-01 9.329977228074259887e-02 1.122801131639223071e-01 1.917224810148008829e-01
2.644212815842690301e-01 3.443137084585007335e-01 4.390623088006741503e-01 5.218159149334848923e-01 5.740891572876786197e-01 5.908712527402582015e-01 5.758801392179503376e-01 5.360994875225097989e-01 4.761561342796277740e-01 3.977761670443705766e-01 3.045572086094331943e-01 2.078250989888574263e-01 1.276671663013620728e-01 8.898088654273922371e-02 1.096634090435392450e-01 1.909114101286992216e-01
2.646350301878712674e-01 3.451985373629860576e-01 4.413165116571294844e-01 5.260276063723013928e-01 5.804671484702451645e-01 5.989776408599698510e-01 5.845884997277568385e-01 5.438947076054287955e-01 4.816940916554888763e-01 4.003982022072382629e-01 3.045226620299315567e-01 2.061584891129489561e-01 1.257231088666540819e-01 8.800539727965700498e-02 1.104047290298514061e-01 1.934837079515866753e-01
2.647589089819057939e-01 3.460286088412357630e-01 4.435749375715438703e-01 5.302971231583680778e-01 5.869304078421538895e-01 6.071691176705670268e-01 5.933659455356128376e-01 5.517404775785513804e-01 4.872658713575227507e-01 4.030349084319651554e-01 3.044769864192060083e-01 2.044518049847379171e-01 1.237172998909217836e-01 8.696381404932590486e-02 1.110942864494515736e-01 1.960294100290891350e-01
2.653616102007915201e-01 3.473717193450053808e-01 4.464044367725471529e-01 5.351913332575679583e-01 5.940470698090749568e-01 6.160155681775341119e-01 6.027834154248350451e-01 5.602073919171292049e-01 4.934406503646502351e-01 4.062539784752995375e-01 3.049871752071188213e-01 2.032721981995937455e-01 1.222173250218628326e-01 8.642384294872640371e-02 1.122995557171165282e-01 1.991158741258499953e-01
2.601935372290391513e-01 3.429774477418233714e-01 4.435537349043513489e-01 5.344590196399179316e-01 5.955671436229350579e-01 6.192686765314290298e-01 6.065936064216339574e-01 5.630478330248719354e-01 4.939694630625163230e-01 4.038050049960577592e-01 2.998020954556434026e-01 1.963686201969235823e-01 1.149725110729525046e-01 8.013493645728986259e-02 1.077698168078921603e-01 1.964923201399031705e-01
2.566413557176638882e-01 3.402317016254407522e-01 4.424079735976969574e-01 5.354854193131278750e-01 5.988770565213867858e-01 6.243164752866827705e-01 6.121855259077479960e-01 5.676505205267287080e-01 4.962397447079178736e-01 4.030740203989380266e-01 2.963070293835236013e-01 1.911263689700593571e-01 1.093684765763728861e-01 7.548284290815532316e-02 1.048906997886157599e-01 1.955443704441072739e-01
2.586825442647021078e-01 3.431112635453165138e-01 4.469432513864914358e-01 5.422467628195071221e-01 6.079541970352979607e-01 6.351378943922605380e-01 6.235390432774974290e-01 5.779950603358704475e-01 5.042298751028295722e-01 4.080380371342973156e-01 2.984782161813790413e-01 1.915216356423132538e-01 1.093816818992109363e-01 7.644415561540224280e-02 1.076387294034641950e-01 2.002485906210128563e-01
2.566581265098714648e-01 3.419565189785912507e-01 4.474993467619343690e-01 5.450829959798203506e-01 6.131396402706807969e-01 6.420754917536444228e-01 6.309976229925426949e-01 5.844246753302855257e-01 5.082819042802215748e-01 4.090377702375617708e-01 2.966555759138274628e-01 1.878942327381409871e-01 1.053521607746202293e-01 7.335904350131056129e-02 1.063540515267133446e-01 2.009452123782895228e-01
2.562499483091927877e-01 3.424487296857838814e-01 4.497569869760978944e-01 5.496750474884826154e-01 6.201154187905389970e-01 6.508127290221656924e-01 6.402456027031679930e-01 5.926234812913109273e-01 5.140788238233008345e-01 4.117549057127682932e-01 2.965199791250113792e-01 1.859248677956936713e-01 1.029607969152495084e-01 7.190852688390253489e-02 1.067177051144554967e-01 2.033154022523966931e-01
2.523443181986109174e-01 3.394736706365291123e-01 4.486014807542246241e-01 5.509084605123442113e-01 6.237681572683756448e-01 6.562376108116678708e-01 6.461718346479191633e-01 5.974801263006945806e-01 5.165082019864096763e-01 4.110757329126259463e-01 2.929568803108863473e-01 1.804987805117105049e-01 9.709296391930916093e-02 6.697811662863212279e-02 1.036152578328258245e-01 2.022448942558302265e-01
2.506229202626907848e-01 3.387125396004252442e-01 4.497136239857980056e-01 5.544642973566328292e-01 6.297799799949408417e-01 6.640335964502006583e-01 6.544605994502563640e-01 6.046787027007932691e-01 5.212530916959815519e-01 4.126820499788351193e-01 2.916472243321114322e-01 1.772966525180798003e-01 9.342943758654492781e-02 6.424872577549600727e-02 1.027277144497102390e-01 2.034148955343984544e-01
2.510855448861932793e-01 3.401646848613787411e-01 4.530924238296453743e-01 5.603418626273150016e-01 6.381512366841308737e-01 6.742023297367919499e-01 6.651143377924260136e-01 6.142214770851309735e-01 5.283147568745651945e-01 4.165738877721154587e-01 2.925901712063158078e-01 1.763173352523668413e-01 9.196912612298641099e-02 6.371939911489937769e-02 1.040542434408343597e-01 2.068248104664850706e-01
2.452091828645798222e-01 3.353066965135403366e-01 4.502141866697879635e-01 5.600177903210347141e-01 6.403595920245848117e-01 6.782227321721763236e-01 6.696127454448299599e-01 6.175879837856268484e-01 5.291717625318481666e-01 4.142285977233279848e-01 2.872621847197048273e-01 1.690369413839965529e-01 8.418816371146609079e-02 5.686640618417476700e-02 9.907126726141568529e-02 2.039513286379878165e-01
2.432207556205915333e-01 3.343651340693827301e-01 4.513052426328194033e-01 5.637187675482770999e-01 6.466327516968513045e-01 6.863237324039976883e-01 6.781855044001159349e-01 6.250077545946545188e-01 5.340527013401709100e-01 4.158735763115716244e-01 2.858897575718017392e-01 1.656815725299361219e-01 8.031264019589523517e-02 5.391597042803253359e-02 9.800518900753985019e-02 2.050211494009461510e-01
2.377334815452781802e-01 3.299528903829481719e-01 4.489783066515621868e-01 5.640578948697509976e-01 6.495848248492663846e-01 6.911206318987161978e-01 6.834486501322867280e-01 6.290966847320411670e-01 5.355725566855298325e-01 4.141226261495136729e-01 2.810857730408683475e-01 1.588636832659354459e-01 7.295496689841152183e-02 4.748063453772349840e-02 9.346875546438376814e-02 2.026473429980712171e-01
