5.000000000000000000e+00 1.500000000000000000e+01 2.500000000000000000e+01 3.500000000000000000e+01 4.500000000000000000e+01 5.500000000000000000e+01 6.500000000000000000e+01 7.500000000000000000e+01 8.500000000000000000e+01 9.500000000000000000e+01 1.050000000000000000e+02 1.150000000000000000e+02 1.250000000000000000e+02 1.350000000000000000e+02 1.450000000000000000e+02 1.550000000000000000e+02 1.650000000000000000e+02 1.750000000000000000e+02 1.850000000000000000e+02 1.950000000000000000e+02
7.866457794264702930e-03 1.007348741459478947e-01 2.945206014850083043e-01 4.600595447546861894e-01 5.094424159547077391e-01 4.464124069152447527e-01 3.443633530065265402e-01 2.788099345243681970e-01 2.716378673937685506e-01 2.873370462032979189e-01 2.857939135428141375e-01 2.680454044005903258e-01 2.777072864797525131e-01 3.564374533215658447e-01 4.870582092806460817e-01 5.926000989437596456e-01 5.869783074872712003e-01 4.460257447172120138e-01 2.378997167481409769e-01 8.748509002352417019e-02
1.619499333022195176e-02 1.040064081134753349e-01 2.916907808703149696e-01 4.551704257462216296e-01 5.082548200263019567e-01 4.517663902505733575e-01 3.537825658604754064e-01 2.866128069224514463e-01 2.734339429270600252e-01 2.838082587553966141e-01 2.819934327696932419e-01 2.693195593152040157e-01 2.854352428803343389e-01 3.668844454677545608e-01 4.946823429487788304e-01 5.943835467852807142e-01 5.847651322526801199e-01 4.446121314919391776e-01 2.408937715962618797e-01 9.419203581049168106e-02
1.872159149536462008e-02 1.017356630902394310e-01 2.836547394243810194e-01 4.452001069167040304e-01 5.017956881325880136e-01 4.514986376250502143e-01 3.573618931477596794e-01 2.886671664120703529e-01 2.698118615387757879e-01 2.751534108086355346e-01 2.730860461768614966e-01 2.652258042193050835e-01 2.874778732698207717e-01 3.715470986522403929e-01 4.967196143571847577e-01 5.909079363313212152e-01 5.774684265640015468e-01 4.379852338910567577e-01 2.383397160960649686e-01 9.509173032908899148e-02
2.455743069558619096e-02 1.030185876805342349e-01 2.794888069592953439e-01 4.392173822247662507e-01 4.991443263694161914e-01 4.547081453311310195e-01 3.642126013359715531e-01 2.940791323401467094e-01 2.698593629523498572e-01 2.704444872369657915e-01 2.681438372939452530e-01 2.648522358818687916e-01 2.929420347841421579e-01 3.795378364796339610e-01 5.022704302156559830e-01 5.912538577326957867e-01 5.741577028282826012e-01 4.352212491809652750e-01 2.393325630785561875e-01 9.929401487720931896e-02
2.781256186074632097e-02 1.019508632093485134e-01 2.732701478187875010e-01 4.312922863420510233e-01 4.943806584020529193e-01 4.554933897526537434e-01 3.684447394249917851e-01 2.969539193723286230e-01 2.676643596825440397e-01 2.637545721011596012e-01 2.612400015680463872e-01 2.622871574591522092e-01 2.959337226077259353e-01 3.849679031331503798e-01 5.054347010548874142e-01 5.895025254131552872e-01 5.689037076971890095e-01 4.303971964000943840e-01 2.379670450464373976e-01 1.009075926381477195e-01
3.577779199972291879e-02 1.058097376899274356e-01 2.722585312183644635e-01 4.286778412142608352e-01 4.947670073497638654e-01 4.611341742086507711e-01 3.773490257057827701e-01 3.045777064541824730e-01 2.704967446315568180e-01 2.623396038154859888e-01 2.596306016376046522e-01 2.648008864262499928e-01 3.037399395147358794e-01 3.951292509174597622e-01 5.134936889213758127e-01 5.929175606477817828e-01 5.689601689402342677e-01 4.307726865103122527e-01 2.415194475192818380e-01 1.072219114283008978e-01
3.801565493186243039e-02 1.041449498092838766e-01 2.659871952446469789e-01 4.209008976308266647e-01 4.898389706357669793e-01 4.611825650238536856e-01 3.804878214552929183e-01 3.065085937416405226e-01 2.678992901954382333e-01 2.557292248530690926e-01 2.528454171524491256e-01 2.619366540389042042e-01 3.059196534053256200e-01 3.995855147612329406e-01 5.160009443145369135e-01 5.910358671120372609e-01 5.638546373232646847e-01 4.258807861991955601e-01 2.395385323870767302e-01 1.077981336127947221e-01
4.636046940973581609e-02 1.087787429831658936e-01 2.662628043559416291e-01 4.197620715673833769e-01 4.914053876838516688e-01 4.674629169217960900e-01 3.896951917949269539e-01 3.145766476689220159e-01 2.716876388458907554e-01 2.557267257814758721e-01 2.526878889316685473e-01 2.655105962908909101e-01 3.143038430055196120e-01 4.101720739073377864e-01 5.247823324624563135e-01 5.956675992831573785e-01 5.653884232565477008e-01 4.275279751750589163e-01 2.438455513232621885e-01 1.144691934034768876e-01
4.810021210850190521e-02 1.069876968017604013e-01 2.603472275078815845e-01 4.125175023515050832e-01 4.867301276224857975e-01 4.672537151036075254e-01 3.922587811996706142e-01 3.160657615851858449e-01 2.691321124272612053e-01 2.495908107047920821e-01 2.464168845356449200e-01 2.627935636070461989e-01 3.161773591623929236e-01 4.141779282782911409e-01 5.271178762998948164e-01 5.940779508551133903e-01 5.608183552630710000e-01 4.229759240784386476e-01 2.417160765781635468e-01 1.145216690140955784e-01
5.234020567282654524e-02 1.078663759119082022e-01 2.573211367638071345e-01 4.082424324421950468e-01 4.848956968909238219e-01 4.696512340976551902e-01 3.972835038598920288e-01 3.200773321093282053e-01 2.693213401376932659e-01 2.463991839270164852e-01 2.431102850671691407e-01 2.628747492411696030e-01 3.206426018843902548e-01 4.207093897195220977e-01 5.321054162342367944e-01 5.953507630620553659e-01 5.592203600577028144e-01 4.213050928695566411e-01 2.422436491982022932e-01 1.170594698631255981e-01
5.273044018316175308e-02 1.050546145608016735e-01 2.508112444394343110e-01 4.005584268074676157e-01 4.795304848296858546e-01 4.682968316420880184e-01 3.984188672680298859e-01 3.202575695255499566e-01 2.658895233470046082e-01 2.397757758440659526e-01 2.363922112090285910e-01 2.593889545316474532e-01 3.213468314498525991e-01 4.234174064932012538e-01 5.333879049619835166e-01 5.931157709930192645e-01 5.542166822217033939e-01 4.161419677411626328e-01 2.390670628954596755e-01 1.157311571855564603e-01
5.655652821104906192e-02 1.058284368418494215e-01 2.480811786571472943e-01 3.967242317138838237e-01 4.778996471616575592e-01 4.704678776758846048e-01 4.029499292095953811e-01 3.238884423523955558e-01 2.661073372237105494e-01 2.369816078999046338e-01 2.335238883336778759e-01 2.596074909875129011e-01 3.255731137169142753e-01 4.295885212026261391e-01 5.382443374119471047e-01 5.946394878045553334e-01 5.530667432866012145e-01 4.147499364319351400e-01 2.394612836078736096e-01 1.178208982228042268e-01
6.155792998700398977e-02 1.079182490446983222e-01 2.468496335560482757e-01 3.944539091162231337e-01 4.777232636390646991e-01 4.738959548732768479e-01 4.086155246912186456e-01 3.287058925739598791e-01 2.677001055088315540e-01 2.357329328154026127e-01 2.322217868937022645e-01 2.612563555428845108e-01 3.310585361239417046e-01 4.369630986804715622e-01 5.444079522505866908e-01 5.976433631069546504e-01 5.534852764157691674e-01 4.148474381864145633e-01 2.411556411516477261e-01 1.210666905137995630e-01
6.683708519537329140e-02 1.104179405092130528e-01 2.461994304106556730e-01 3.928258828455461482e-01 4.780854061366354157e-01 4.776759671523007067e-01 4.145173993287304959e-01 3.338089580147563518e-01 2.697568847756129928e-01 2.351102863074474025e-01 2.315666743107069880e-01 2.634253153192278596e-01 3.369033308625016265e-01 4.446444603644885696e-01 5.509753413808143874e-01 6.012128518048039938e-01 5.545513728821014343e-01 4.155170246141920432e-01 2.432429293652550450e-01 1.245694928011295000e-01
6.785945153826555831e-02 1.087848930175077111e-01 2.415774895538662093e-01 3.872828964397612705e-01 4.744341171123940271e-01 4.772661562207076713e-01 4.161202493454498885e-01 3.346598019693121095e-01 2.677304581520490445e-01 2.305584501605977277e-01 2.270035782250340306e-01 2.615679018726648208e-01 3.385709053344343467e-01 4.480989253114349147e-01 5.534064674980988530e-01 6.007973933137464861e-01 5.517084401860578025e-01 4.122053313437987754e-01 2.411794147787017506e-01 1.237932626938104963e-01
6.963535929341901909e-02 1.080218078470843723e-01 2.379766220967080015e-01 3.828137915606629194e-01 4.717632074529349295e-01 4.776699353097204614e-01 4.184335774131064389e-01 3.362655592820688599e-01 2.666191475753345586e-01 2.270682356123982504e-01 2.235235700675449189e-01 2.606832239957974640e-01 3.410696890891382616e-01 4.523376670822921719e-01 5.567064988549510485e-01 6.013922101707258605e-01 5.499459807581866810e-01 4.099048694636440171e-01 2.399666629306738130e-01 1.237468103110290762e-01
7.353822744682420032e-02 1.094948959699343638e-01 2.367536868067016131e-01 3.807716523134815345e-01 4.714304190878951806e-01 4.802540856063037822e-01 4.228299099233031599e-01 3.399965444307684326e-01 2.677849900122530324e-01 2.259946323845759830e-01 2.224819142858126819e-01 2.621341445084106603e-01 3.457713427947907148e-01 4.587349320873197467e-01 5.622440067450797940e-01 6.043564714228761847e-01 5.506177365623158293e-01 4.099721821116365517e-01 2.409697278179779578e-01 1.258020134871263851e-01
7.548641424640456510e-02 1.091157041534544236e-01 2.338113847847010651e-01 3.770555880656550340e-01 4.693392250350594819e-01 4.809305881640910107e-01 4.252266485424606168e-01 3.417680944335421134e-01 2.671355503534051934e-01 2.232385959721030488e-01 2.197798558368361244e-01 2.618290937453299216e-01 3.485926020642875489e-01 4.632098922445502254e-01 5.659327984879880535e-01 6.055950934569338528e-01 5.496234721962678371e-01 4.083096388531707310e-01 2.400989772326763416e-01 1.258756673835869366e-01
7.867052047078709753e-02 1.100683951719462206e-01 2.323255100396612594e-01 3.748379728235769481e-01 4.686660849958471653e-01 4.828839095245968105e-01 4.288133743504889406e-01 3.447678648491153686e-01 2.678511891448411286e-01 2.219742912632891307e-01 2.185918640195741447e-01 2.629493379053804425e-01 3.527225744058944956e-01 4.689539502526520742e-01 5.709592041462815404e-01 6.082859963893760824e-01 5.501362145489987476e-01 4.080926859467295942e-01 2.405373721952259181e-01 1.271567868015038849e-01
8.037160006439048043e-02 1.096279366995635274e-01 2.295631104291420699e-01 3.713825955967640091e-01 4.666786109880999289e-01 4.833891956410816260e-01 4.308700592202266977e-01 3.462740334981118662e-01 2.672032396853306624e-01 2.194672469339520315e-01 2.161837870904856906e-01 2.627671567900812244e-01 3.554409439271968285e-01 4.732489521358975160e-01 5.746002715687115181e-01 6.096982705046616324e-01 5.494204034437497608e-01 4.065880069647110906e-01 2.395586550540129422e-01 1.269248158451860842e-01
8.150664187491724055e-02 1.087055625450372709e-01 2.264279225287373909e-01 3.675900852764570348e-01 4.642810065973480560e-01 4.833577377856236867e-01 4.323125481791657565e-01 3.472007756195983896e-01 2.660994581094033862e-01 2.166197841555200510e-01 2.134582812020737741e-01 2.621912945526179151e-01 3.576634475071067687e-01 4.770126708034739815e-01 5.777692334401808294e-01 6.107376163232194344e-01 5.483773167943690741e-01 4.046989573324606404e-01 2.380728099111379115e-01 1.260951086724165782e-01
8.571950440543416039e-02 1.109396880689559883e-01 2.265512621796380577e-01 3.670887917437535286e-01 4.651049616126939346e-01 4.864278922992029131e-01 4.367834946707187527e-01 3.511891923543321026e-01 2.681749282590308869e-01 2.170619013442859901e-01 2.140456953918037919e-01 2.648578652603931771e-01 3.630328043280316441e-01 4.838897425411307074e-01 5.841064281991981133e-01 6.150372400657952987e-01 5.506359519900463351e-01 4.060564545345015652e-01 2.397169772147368094e-01 1.283098632429623409e-01
8.847184912421007796e-02 1.117868252594642620e-01 2.253829161038679307e-01 3.653256685646488755e-01 4.646005474527837853e-01 4.880559996785401311e-01 4.397432942629344033e-01 3.536982380783084134e-01 2.688829667840598736e-01 2.162421603206400311e-01 2.133949579903748339e-01 2.662212587117070983e-01 3.670096442924593583e-01 4.893426019838252872e-01 5.890702203172302198e-01 6.180487499201097190e-01 5.516439088659818024e-01 4.061098693772827728e-01 2.399463679932026527e-01 1.290290536079108652e-01
8.658861787040550428e-02 1.080670429410227340e-01 2.197365799804682773e-01 3.591117026349328611e-01 4.595816587901339623e-01 4.850618484911549677e-01 4.380155623471663207e-01 3.515501921062160751e-01 2.650405739123279369e-01 2.109731192520319931e-01 2.083190098232589049e-01 2.630995919479539591e-01 3.664179808442487585e-01 4.901969611126512083e-01 5.894824654321253465e-01 6.165875985185802488e-01 5.482128196230776629e-01 4.016724637014917887e-01 2.355797232054435142e-01 1.250759062773187935e-01
8.780350897983443814e-02 1.075094266806439491e-01 2.173352974703370855e-01 3.561673452340470281e-01 4.577714558756192376e-01 4.851741386988581151e-01 4.393326104550263067e-01 3.524761293715534261e-01 2.643738844220752116e-01 2.089767668489816987e-01 2.065402386749893293e-01 2.632201609944227472e-01 3.689906828020794727e-01 4.941872869051762152e-01 5.930739749165593322e-01 6.183785261294139080e-01 5.480637801559022915e-01 4.004668290314016832e-01 2.343447727710694373e-01 1.241823752897786848e-01
8.712263402324102457e-02 1.051157202276706559e-01 2.131750819534762309e-01 3.514861262246861684e-01 4.541659893401456261e-01 4.833941262405937467e-01 4.386991030898876875e-01 3.514795719593447609e-01 2.618818006227234818e-01 2.052481395605646186e-01 2.030540967627986748e-01 2.615830746362591830e-01 3.697331270817210691e-01 4.963204595362761262e-01 5.948481617331666804e-01 6.184191863385966048e-01 5.461909645258535839e-01 3.974885079247675312e-01 2.312418761160455749e-01 1.213527978757172332e-01
8.682453704528608762e-02 1.031603303221449719e-01 2.095249027455294843e-01 3.473346331395905096e-01 4.510341892528616503e-01 4.819956307236314963e-01 4.383920769646812432e-01 3.508365033640488684e-01 2.598359891507804886e-01 2.020553035199283698e-01 2.001290829703394336e-01 2.604612520368527750e-01 3.709232141804592597e-01 4.988757930220486525e-01 5.970810494261200585e-01 6.189801360026451205e-01 5.448616043211097493e-01 3.950059797899023728e-01 2.285440260683174463e-01 1.188639126019790937e-01
8.555112182480151262e-02 1.002812403422312648e-01 2.050175811998075637e-01 3.423434005377345435e-01 4.470087638538371988e-01 4.796159517066672651e-01 4.370518681698363772e-01 3.491862909784704816e-01 2.568717870246408630e-01 1.980302466306612663e-01 1.963976352324917629e-01 2.584913296429384721e-01 3.712022919302545576e-01 5.004959638315208403e-01 5.984121897335019646e-01 6.186957348905774978e-01 5.427068782857169538e-01 3.916515565758746931e-01 2.248877615733176349e-01 1.153557855176021163e-01
8.648948721854721189e-02 9.966183280570267700e-02 2.028315966492270916e-01 3.396887095617147079e-01 4.452680079266648772e-01 4.794376936021442770e-01 4.378639473366492396e-01 3.497135168619632251e-01 2.561700169481145317e-01 1.963506807339506777e-01 1.950379330113851395e-01 2.588554773667819386e-01 3.737569875687107857e-01 5.043688475323209186e-01 6.020264888485760135e-01 6.207459549810838695e-01 5.429037121497602980e-01 3.906031882899898000e-01 2.234549892437983354e-01 1.140136443623544493e-01
8.282648882897691855e-02 9.448543892147814871e-02 1.961456203270349197e-01 3.325471158138637584e-01 4.389903389602177741e-01 4.746433174053186765e-01 4.340134810394005171e-01 3.456025350152366338e-01 2.509115300349138433e-01 1.901945719817567937e-01 1.892284279890561194e-01 2.547359422182324806e-01 3.717737663559769756e-01 5.036820817145433171e-01 6.011087605383036436e-01 6.183109175646763767e-01 5.386293067782872424e-01 3.850389964811546939e-01 2.174275319394005646e-01 1.080224390778603549e-01
8.183966341498125074e-02 9.202625156821250818e-02 1.922294135894705713e-01 3.281863418541139943e-01 4.354451974324565766e-01 4.725060556378978815e-01 4.327762558577882279e-01 3.441283915682528116e-01 2.483681123086839415e-01 1.868310357262988053e-01 1.862387392872414948e-01 2.534059557417990827e-01 3.725298531449054984e-01 5.057139916153088333e-01 6.029346425077694027e-01 6.186617944842611738e-01 5.371520309421516925e-01 3.822281720120012105e-01 2.140780407523689699e-01 1.046577650395922876e-01
8.307906155232833156e-02 9.183114716709650516e-02 1.906256358567595677e-01 3.261470797170100688e-01 4.341748566418254240e-01 4.725717359835620579e-01 4.337005106087846174e-01 3.448386533761207962e-01 2.480843004245808781e-01 1.858021413301392810e-01 1.856114586187998239e-01 2.544115507053433256e-01 3.755750624002311411e-01 5.100154239540841683e-01 6.070524214886805492e-01 6.213426189402337929e-01 5.380132241083190880e-01 3.817127825358704873e-01 2.129518158659702010e-01 1.034676945157450012e-01
8.518544313846249105e-02 9.253787100623084294e-02 1.899680167819345622e-01 3.250611579394512285e-01 4.338125966043255843e-01 4.734769681822430520e-01 4.354251313447686234e-01 3.463715996064612446e-01 2.486955611497979335e-01 1.857410813949590400e-01 1.859803198690704318e-01 2.563897415783948364e-01 3.795499912511294816e-01 5.152279435765960702e-01 6.121012216196914935e-01 6.249884603787582149e-01 5.398453637413630490e-01 3.821259441878628871e-01 2.126849908423589508e-01 1.030909709469313151e-01
8.543574487896360425e-02 9.142049511871522260e-02 1.875268017044990632e-01 3.221969821392732802e-01 4.316281510813450573e-01 4.724946032942146656e-01 4.352251182572385302e-01 3.460016854449491919e-01 2.474737436863369555e-01 1.839176144552973902e-01 1.846156421536653269e-01 2.566139778840118568e-01 3.817314847047715287e-01 5.186293020476522297e-01 6.153564652305030247e-01 6.268708725288917316e-01 5.399175061564018829e-01 3.807372665466623451e-01 2.105499894414042950e-01 1.008024751832692911e-01
8.883400161760782177e-02 9.348033054324472735e-02 1.882996521751756358e-01 3.225504309149606619e-01 4.326186095320551095e-01 4.746246471711302317e-01 4.381025063498711347e-01 3.487304597709384169e-01 2.494179866470305762e-01 1.853289629133853533e-01 1.865152281290513581e-01 2.600850522358361117e-01 3.871235548737121945e-01 5.252243600576715910e-01 6.218207878677876055e-01 6.319887963829613486e-01 5.432261826939159821e-01 3.825437526530657828e-01 2.115464367986245597e-01 1.016041455400515103e-01
9.402044882402277315e-02 9.735502124995520923e-02 1.909207287943597287e-01 3.247539342940572449e-01 4.354175012400928191e-01 4.785033554245515797e-01 4.426954671965734334e-01 3.531956641076409720e-01 2.531638069507612387e-01 1.886088934481684742e-01 1.903134447892538272e-01 2.654401903269506535e-01 3.943664815225479958e-01 5.336541909596295152e-01 6.301331348544243482e-01 6.389776453705147130e-01 5.484044784441565179e-01 3.861788813275162657e-01 2.143102522443124380e-01 1.041340789852252535e-01
9.690789718694697852e-02 9.895491065006226106e-02 1.912970472449943005e-01 3.247128255967845489e-01 4.359311525019035072e-01 4.800396008178147156e-01 4.449146827340307309e-01 3.553076037858486358e-01 2.546194615395672711e-01 1.896640707702667017e-01 1.919175776206733519e-01 2.685894137739134879e-01 3.993731848738192314e-01 5.398324563870110504e-01 6.362051303088467336e-01 6.437456636138394472e-01 5.513583843878057111e-01 3.875489626670270971e-01 2.147500146817232780e-01 1.043029044059122501e-01
1.043181066225349340e-01 1.050994079709570983e-01 1.962448347658558578e-01 3.292416939474497317e-01 4.409750441289702061e-01 4.860512403697105910e-01 4.515797183995302055e-01 3.618855186220735765e-01 2.606023091843218675e-01 1.953104119604192890e-01 1.981441853528122243e-01 2.763519030833531120e-01 4.089655979750486114e-01 5.505817812646699450e-01 6.468574459139642130e-01 6.531102845179066474e-01 5.589031501856132067e-01 3.934694939671466440e-01 2.196833278052999494e-01 1.089301552626132374e-01
1.107999779141465024e-01 1.103351726870061278e-01 2.003077052218596443e-01 3.328825555775923872e-01 4.450919874263818965e-01 4.910833003665910912e-01 4.572372138316916357e-01 3.674757713194151121e-01 2.656569905550860700e-01 2.000912595400720639e-01 2.035372734538274386e-01 2.832741789179539227e-01 4.176928568362690553e-01 5.604519464313689747e-01 6.566379876332758547e-01 6.616163078578347623e-01 5.655814557611101856e-01 3.984833342252228072e-01 2.236550033484763778e-01 1.125624598467195592e-01
1.136295620162923736e-01 1.119361170140296680e-01 2.007566527476374596e-01 3.329048438851734959e-01 4.455521186294666980e-01 4.924079792968101277e-01 4.591608911678273230e-01 3.693518536161043420e-01 2.670554265507504299e-01 2.012773732428816131e-01 2.053682863399473590e-01 2.866301016571851656e-01 4.228313083640621861e-01 5.667198989089008432e-01 6.628219003891092642e-01 6.665358953462541258e-01 5.686634016408527170e-01 3.998606972008648119e-01 2.239370623683165362e-01 1.124735491731752857e-01
1.205373415989994812e-01 1.176306810204386932e-01 2.053173184874510782e-01 3.370326727615860496e-01 4.500801663266672525e-01 4.977519232660075343e-01 4.650788355151143638e-01 3.752416647506464642e-01 2.725240894283159632e-01 2.065941950031530971e-01 2.113633728150451918e-01 2.941481437938910926e-01 4.321117906621330107e-01 5.771170343961777860e-01 6.731388452625510777e-01 6.755958392094207898e-01 5.758737725641236427e-01 4.053264175562942828e-01 2.282560091192289142e-01 1.163915370837008967e-01
1.242536939525817619e-01 1.201472894530600521e-01 2.067154395012545942e-01 3.379902822456432587e-01 4.514009009432609631e-01 4.998416829964062447e-01 4.677189567163553274e-01 3.778729713565694981e-01 2.747894558179101443e-01 2.087672962244024322e-01 2.142488338038366913e-01 2.985568442536252753e-01 4.382650948125578205e-01 5.843746611103024513e-01 6.803184583193140345e-01 6.815230128473637183e-01 5.799374834214017227e-01 4.076053991460242276e-01 2.293382866130340703e-01 1.170443816796995773e-01
1.306907170984288324e-01 1.253961721025559917e-01 2.108586616352020049e-01 3.416838482927760934e-01 4.554209480886875494e-01 5.045855342398100074e-01 4.729908142566049412e-01 3.831552306257418050e-01 2.797598234371641568e-01 2.137041891200986421e-01 2.199329341710515862e-01 3.057666264511620935e-01 4.472037899778350534e-01 5.944058268221669161e-01 6.902721728923340017e-01 6.902261853815278014e-01 5.867613893099820066e-01 4.126044272537711111e-01 2.330920956895189411e-01 1.203417099295670811e-01
1.307604191316962261e-01 1.242875477147986352e-01 2.086547163378588976e-01 3.390196566311890480e-01 4.530469657529181959e-01 5.028916616150962415e-01 4.718038053371008678e-01 3.819977767598172202e-01 2.783434915006445243e-01 2.123125021019833247e-01 2.193240786022682132e-01 3.066879800807115752e-01 4.498404118444880306e-01 5.981235091143193294e-01 6.939114053330204257e-01 6.926142000760571182e-01 5.872524596786520279e-01 4.112303447574635618e-01 2.304255776030509906e-01 1.171930054753878570e-01
1.344656344566912132e-01 1.268225350905834992e-01 2.101023250408249887e-01 3.399950043146972023e-01 4.542765489744607366e-01 5.047590695166953578e-01 4.741580797777276701e-01 3.844007343645682861e-01 2.805396684566323628e-01 2.145908828291503423e-01 2.224217151599045261e-01 3.113223702729861486e-01 4.561783780642107988e-01 6.055315325236605428e-01 7.012384678788063930e-01 6.986868802560420866e-01 5.914086801712997721e-01 4.134809558406413732e-01 2.313377237668260700e-01 1.175985232988818185e-01
1.377182123925536350e-01 1.289113368339120380e-01 2.111093765416631740e-01 3.405163744016475591e-01 4.550164074215226062e-01 5.060957655580853309e-01 4.759627272259449593e-01 3.862732042589485104e-01 2.822566525019373773e-01 2.164471743505946844e-01 2.251345119473857070e-01 3.155804195706836679e-01 4.621301761656557705e-01 6.125427580482711853e-01 7.081647541022164649e-01 7.043532081649934717e-01 5.951372275990169936e-01 4.152632026877239868e-01 2.317365581141556108e-01 1.174674767232529171e-01
1.396117508982672173e-01 1.296459684815068625e-01 2.107656501007248162e-01 3.396721564634882506e-01 4.543550886012928669e-01 5.059914892864686431e-01 4.763085094214422055e-01 3.867059944424275919e-01 2.825845575983766955e-01 2.169711370479393553e-01 2.265530795885225268e-01 3.185546354469203645e-01 4.667900966817004615e-01 6.182518177690344841e-01 7.137834696788282196e-01 7.087040494772669508e-01 5.975271907444179575e-01 4.156658878743042518e-01 2.307118648086112223e-01 1.158907694990116699e-01
1.410579663466389744e-01 1.299366239277487955e-01 2.099791751461807798e-01 3.383690038097052488e-01 4.531993375947844793e-01 5.053540770860487363e-01 4.761042284462830843e-01 3.866079871449816241e-01 2.824316758965533802e-01 2.170708072680605227e-01 2.275863304121514274e-01 3.211557742731774301e-01 4.710706024179051599e-01 6.235714855172587168e-01 7.190059993927867543e-01 7.126485143636499542e-01 5.994859278850539486e-01 4.155960333463348255e-01 2.291715522163480512e-01 1.137773639024145522e-01
1.384230630030053866e-01 1.261480407862246578e-01 2.051125912096863901e-01 3.329681910443754722e-01 4.479104569425733651e-01 5.005458269140534711e-01 4.717130946163298200e-01 3.823425056104718944e-01 2.781608402000268487e-01 2.131088562637277473e-01 2.245978379604962050e-01 3.197492053708054227e-01 4.713386975142572766e-01 6.248690472455632472e-01 7.201982740252942383e-01 7.125503187362458579e-01 5.973754246513373056e-01 4.114152396101803388e-01 2.234780167809116702e-01 1.074906485012690482e-01
1.371641022269863286e-01 1.237358656924623657e-01 2.016195080795564754e-01 3.289219719344236847e-01 4.439406666710027372e-01 4.970198628767964477e-01 4.685890940322051113e-01 3.793636806269201078e-01 2.752257864667792542e-01 2.105389494250839988e-01 2.230421968044262737e-01 3.197912751439709322e-01 4.730522963151109206e-01 6.276026711218017917e-01 7.228171371346647778e-01 7.138641456630283599e-01 5.966486521992213632e-01 4.085760451199453858e-01 2.190845068041977206e-01 1.024848056053898615e-01
